mu0 A1 A2 dim_unstable
0.0 0.0 0.0 0
0.01 0.05773502691896258 0.0 3
0.02 0.08164965809277261 0.0 3
0.03 0.1 0.0 3
0.04 0.11547005383792516 0.0 3
0.05 0.12909944487358055 0.0 3
0.06 0.1414213562373095 0.0 3
0.07 0.15275252316519466 0.0 3
0.08 0.16329931618554522 0.0 3
0.09 0.17320508075688773 0.0 3
0.1 0.18257418583505536 0.0 3
0.11 0.19148542155126763 0.0 3
0.12 0.2 0.0 3
0.13 0.20816659994661327 0.0 3
0.14 0.21602468994692867 0.0 3
0.15 0.22360679774997896 0.0 3
0.16 0.23094010767585033 0.0 3
0.17 0.23804761428476168 0.0 3
0.18 0.2449489742783178 0.0 3
0.19 0.2516611478423583 0.0 3
0.2 0.2581988897471611 0.0 3
0.21 0.264575131106459 0.0 3
0.22 0.27080128015453203 0.0 3
0.23 0.27688746209726917 0.0 3
0.24 0.282842712474619 0.0 3
0.25 0.28867513459481287 0.0 3
0.26 0.2943920288775949 0.0 3
0.27 0.30000000000000004 0.0 3
0.28 0.30550504633038933 0.0 3
0.29 0.3109126351029605 0.0 3
0.3 0.31622776601683794 0.0 3
0.31 0.32145502536643183 0.0 3
0.32 0.32659863237109044 0.0 3
0.33 0.33166247903553997 0.0 3
0.34 0.33665016461206926 0.0 3
0.35 0.3415650255319866 0.0 3
0.36 0.34641016151377546 0.0 3
0.37 0.3511884584284246 0.0 3
0.38 0.3559026084010437 0.0 3
0.39 0.36055512754639896 0.0 3
0.4 0.3651483716701107 0.0 3
0.41 0.3696845502136472 0.0 3
0.42 0.3741657386773941 0.0 3
0.43 0.37859388972001823 0.0 3
0.44 0.38297084310253526 0.0 3
0.45 0.3872983346207417 0.0 3
0.46 0.3915780041490244 0.0 3
0.47 0.3958114029012639 0.0 3
0.48 0.4 0.0 3
0.49 0.40414518843273806 0.0 3
0.5 0.408248290463863 0.0 3
0.51 0.41231056256176607 0.0 3
0.52 0.41633319989322654 0.0 3
0.53 0.42031734043061636 0.0 3
0.54 0.42426406871192857 0.0 3
0.55 0.42817441928883765 0.0 3
0.56 0.43204937989385733 0.0 3
0.57 0.43588989435406733 0.0 3
0.58 0.43969686527576396 0.0 3
0.59 0.443471156521669 0.0 3
0.6 0.4472135954999579 0.0 3
0.61 0.4509249752822894 0.0 3
0.62 0.4546060565661952 0.0 3
0.63 0.458257569495584 0.0 3
0.64 0.46188021535170065 0.0 3
0.65 0.4654746681256314 0.0 3
0.66 0.469041575982343 0.0 3
0.67 0.47258156262526085 0.0 3
0.68 0.47609522856952335 0.0 3
0.69 0.4795831523312719 0.0 3
0.7 0.48304589153964794 0.0 3
0.71 0.4864839839775475 0.0 3
0.72 0.4898979485566356 0.0 3
0.73 0.49328828623162474 0.0 3
0.74 0.496655480858378 0.0 3
0.75 0.5 0.0 3
0.76 0.5033222956847166 0.0 3
0.77 0.5066228051190221 0.0 3
0.78 0.5099019513592785 0.0 3
0.79 0.5131601439446885 0.0 3
0.8 0.5163977794943222 0.0 3
0.81 0.5196152422706632 0.0 3
0.82 0.5228129047119374 0.0 3
0.83 0.5259911279353167 0.0 3
0.84 0.529150262212918 0.0 3
0.85 0.5322906474223771 0.0 3
0.86 0.5354126134736337 0.0 3
0.87 0.5385164807134504 0.0 3
0.88 0.5416025603090641 0.0 3
0.89 0.5446711546122731 0.0 3
0.9 0.5477225575051661 0.0 3
0.91 0.5507570547286103 0.0 3
0.92 0.5537749241945383 0.0 3
0.93 0.5567764362830022 0.0 3
0.94 0.5597618541248888 0.0 3
0.95 0.5627314338711378 0.0 3
0.96 0.565685424949238 0.0 3
0.97 0.5686240703077327 0.0 3
0.98 0.5715476066494082 0.0 3
0.99 0.5744562646538028 0.0 3
1.0 0.5773502691896257 0.0 3
1.01 0.5802298395176404 0.0 3
1.02 0.5830951894845301 0.0 3
1.03 0.5859465277082315 0.0 3
1.04 0.5887840577551898 0.0 3
1.05 0.5916079783099616 0.0 3
1.06 0.594418483337567 0.0 3
1.07 0.5972157622389639 0.0 3
1.08 0.6000000000000001 0.0 3
1.09 0.6027713773341709 0.0 3
1.1 0.6055300708194984 0.0 3
1.11 0.608276253029822 0.0 3
1.12 0.6110100926607787 0.0 3
1.13 0.6137317546507323 0.0 3
1.14 0.6164414002968976 0.0 3
1.15 0.6191391873668903 0.0 3
1.16 0.621825270205921 0.0 3
1.17 0.6244997998398398 0.0 3
1.18 0.6271629240742259 0.0 3
1.19 0.6298147875897061 0.0 3
1.2 0.6324555320336759 0.0 3
1.21 0.6350852961085883 0.0 3
1.22 0.6377042156569663 0.0 3
1.23 0.6403124237432849 0.0 3
1.24 0.6429100507328637 0.0 3
1.25 0.6454972243679028 0.0 3
1.26 0.648074069840786 0.0 3
1.27 0.6506407098647712 0.0 3
1.28 0.6531972647421809 0.0 3
1.29 0.6557438524302001 0.0 3
1.3 0.6582805886043833 0.0 3
1.31 0.660807586719967 0.0 3
1.32 0.6633249580710799 0.0 3
1.33 0.6658328118479393 0.0 3
1.34 0.6683312551921141 0.0 3
1.35 0.6708203932499369 0.0 3
1.36 0.6733003292241385 0.0 3
1.37 0.6757711644237765 0.0 3
1.38 0.6782329983125268 0.0 3
1.39 0.6806859285554046 0.0 3
1.4 0.6831300510639732 0.0 3
1.41 0.6855654600401044 0.0 3
1.42 0.6879922480183431 0.0 3
1.43 0.6904105059069326 0.0 3
1.44 0.6928203230275509 0.0 3
1.45 0.695221787153807 0.0 3
1.46 0.697614984548545 0.0 3
1.47 0.7 0.0 3
1.48 0.7023769168568492 0.0 3
1.49 0.7047458170621992 0.0 3
1.5 0.7071067811865476 0.0 3
1.51 0.7094598884597587 0.0 3
1.52 0.7118052168020874 0.0 3
1.53 0.714142842854285 0.0 3
1.54 0.7164728420068226 0.0 3
1.55 0.7187952884282609 0.0 3
1.56 0.7211102550927979 0.0 3
1.57 0.7234178138070235 0.0 3
1.58 0.725718035235908 0.0 3
1.59 0.7280109889280518 0.0 3
1.6 0.7302967433402214 0.0 3
1.61 0.7325753658611971 0.0 3
1.62 0.7348469228349535 0.0 3
1.63 0.7371114795831993 0.0 3
1.64 0.7393691004272944 0.0 3
1.65 0.7416198487095662 0.0 3
1.66 0.7438637868140466 0.0 3
1.67 0.7461009761866464 0.0 3
1.68 0.7483314773547882 0.0 3
1.69 0.7505553499465135 0.0 3
1.7 0.752772652709081 0.0 3
1.71 0.7549834435270749 0.0 3
1.72 0.7571877794400365 0.0 3
1.73 0.7593857166596345 0.0 3
1.74 0.7615773105863908 0.0 3
1.75 0.7637626158259734 0.0 3
1.76 0.7659416862050705 0.0 3
1.77 0.7681145747868608 0.0 3
1.78 0.7702813338860895 0.0 3
1.79 0.7724420150837645 0.0 3
1.8 0.7745966692414834 0.0 3
1.81 0.776745346515403 0.0 3
1.82 0.7788880963698616 0.0 3
1.83 0.7810249675906654 0.0 3
1.84 0.7831560082980488 0.0 3
1.85 0.7852812659593165 0.0 3
1.86 0.7874007874011811 0.0 3
1.87 0.7895146188218007 0.0 3
1.88 0.7916228058025278 0.0 3
1.89 0.7937253933193772 0.0 3
1.9 0.7958224257542215 0.0 3
1.91 0.7979139469057215 0.0 3
1.92 0.8 0.0 3
1.93 0.8020806277010643 0.0 3
1.94 0.8041558721209878 0.0 3
1.95 0.806225774829855 0.0 3
1.96 0.8082903768654761 0.0 3
1.97 0.8103497187428812 0.0 3
1.98 0.812403840463596 0.0 3
1.99 0.8144527815247078 0.0 3
2.0 0.816496580927726 0.0 3
2.01 0.818535277187245 0.0 3
2.02 0.8205689083394114 0.0 3
2.03 0.8225975119502044 0.0 3
2.04 0.8246211251235321 0.0 3
2.05 0.8266397845091495 0.0 3
2.06 0.8286535263104036 0.0 3
2.07 0.8306623862918074 0.0 3
2.08 0.8326663997864531 0.0 3
2.09 0.834665601703261 0.0 3
2.1 0.8366600265340756 0.0 3
2.11 0.8386497083606083 0.0 3
2.12 0.8406346808612327 0.0 3
2.13 0.8426149773176358 0.0 3
2.14 0.8445906306213286 0.0 3
2.15 0.8465616732800196 0.0 3
2.16 0.8485281374238571 0.0 3
2.17 0.8504900548115382 0.0 3
2.18 0.8524474568362947 0.0 3
2.19 0.8544003745317531 0.0 3
2.2 0.8563488385776753 0.0 3
2.21 0.8582928793055822 0.0 3
2.22 0.8602325267042628 0.0 3
2.23 0.8621678104251708 0.0 3
2.24 0.8640987597877147 0.0 3
2.25 0.8660254037844386 0.0 3
2.26 0.8679477710861024 0.0 3
2.27 0.8698658900466593 0.0 3
2.28 0.8717797887081347 0.0 3
2.29 0.8736894948054105 0.0 3
2.3 0.8755950357709131 0.0 3
2.31 0.8774964387392122 0.0 3
2.32 0.8793937305515279 0.0 3
2.33 0.8812869377601524 0.0 3
2.34 0.8831760866327847 0.0 3
2.35 0.8850612031567836 0.0 3
2.36 0.886942313043338 0.0 3
2.37 0.8888194417315589 0.0 3
2.38 0.8906926143924925 0.0 3
2.39 0.892561855933059 0.0 3
2.4 0.8944271909999159 0.0 3
2.41 0.8962886439832501 0.0 3
2.42 0.8981462390204986 0.0 3
2.43 0.9 0.0 3
2.44 0.9018499505645788 0.0 3
2.45 0.903696114115064 0.0 3
2.46 0.9055385138137416 0.0 3
2.47 0.9073771725877466 0.0 3
2.48 0.9092121131323904 0.0 3
2.49 0.9110433579144299 0.0 3
2.5 0.9128709291752769 0.0 3
2.51 0.9146948489341495 0.0 3
2.52 0.916515138991168 0.0 3
2.53 0.918331820930394 0.0 3
2.54 0.9201449161228175 0.0 3
2.55 0.9219544457292888 0.0 3
2.56 0.9237604307034013 0.0 3
2.57 0.9255628917943214 0.0 3
2.58 0.9273618495495703 0.0 3
2.59 0.9291573243177569 0.0 3
2.6 0.9309493362512627 0.0 3
2.61 0.9327379053088815 0.0 3
2.62 0.9345230512584125 0.0 3
2.63 0.9363047936792093 0.0 3
2.64 0.938083151964686 0.0 3
2.65 0.939858145324779 0.0 3
2.66 0.941629792788369 0.0 3
2.67 0.9433981132056604 0.0 3
2.68 0.9451631252505217 0.0 3
2.69 0.946924847422786 0.0 3
2.7 0.9486832980505138 0.0 3
2.71 0.9504384952922168 0.0 3
2.72 0.9521904571390467 0.0 3
2.73 0.9539392014169457 0.0 3
2.74 0.9556847457887635 0.0 3
2.75 0.9574271077563381 0.0 3
2.76 0.9591663046625438 0.0 3
2.77 0.960902353693305 0.0 3
2.78 0.9626352718795768 0.0 3
2.79 0.9643650760992956 0.0 3
2.8 0.9660917830792959 0.0 3
2.81 0.9678154093971983 0.0 3
2.82 0.9695359714832658 0.0 3
2.83 0.971253485622231 0.0 3
2.84 0.972967967955095 0.0 3
2.85 0.9746794344808964 0.0 3
2.86 0.976387901058454 0.0 3
2.87 0.9780933834080806 0.0 3
2.88 0.9797958971132712 0.0 3
2.89 0.9814954576223638 0.0 3
2.9 0.983192080250175 0.0 3
2.91 0.9848857801796105 0.0 3
2.92 0.9865765724632495 0.0 3
2.93 0.9882644720249062 0.0 3
2.94 0.9899494936611666 0.0 3
2.95 0.9916316520429012 0.0 3
2.96 0.993310961716756 0.0 3
2.97 0.99498743710662 0.0 3
2.98 0.9966610925150702 0.0 3
2.99 0.9983319421247958 0.0 3
3.0 1.0 0.0 3
3.01 1.0016652800877812 0.0 3
3.02 1.003327796219494 0.0 3
3.03 1.004987562112089 0.0 3
3.04 1.0066445913694333 0.0 3
3.05 1.0082988974836116 0.0 3
3.06 1.0099504938362078 0.0 3
3.07 1.0115993936995678 0.0 3
3.08 1.0132456102380443 0.0 3
3.09 1.014889156509222 0.0 3
3.1 1.0165300454651272 0.0 3
3.11 1.0181682899534177 0.0 3
3.12 1.019803902718557 0.0 3
3.13 1.0214368964029708 0.0 3
3.14 1.023067283548187 0.0 3
3.15 1.02469507659596 0.0 3
3.16 1.026320287889377 0.0 3
3.17 1.0279429296739515 0.0 3
3.18 1.0295630140987 0.0 3
3.19 1.0311805532172014 0.0 3
3.2 1.0327955589886444 0.0 3
3.21 1.03440804327886 0.0 3
3.22 1.036018017861337 0.0 3
3.23 1.0376254944182253 0.0 3
3.24 1.0392304845413265 0.0 3
3.25 1.0408329997330663 0.0 3
3.26 1.0424330514074593 0.0 3
3.27 1.044030650891055 0.0 3
3.28 1.0456258094238748 0.0 3
3.29 1.0472185381603338 0.0 3
3.3 1.0488088481701514 0.0 3
3.31 1.0503967504392486 0.0 3
3.32 1.0519822558706333 0.0 3
3.33 1.0535653752852738 0.0 3
3.34 1.055146119422961 0.0 3
3.35 1.0567244989431572 0.0 3
3.36 1.058300524425836 0.0 3
3.37 1.0598742063723097 0.0 3
3.38 1.0614455552060438 0.0 3
3.39 1.063014581273465 0.0 3
3.4 1.0645812948447542 0.0 3
3.41 1.0661457061146318 0.0 3
3.42 1.0677078252031311 0.0 3
3.43 1.0692676621563626 0.0 3
3.44 1.0708252269472673 0.0 3
3.45 1.0723805294763609 0.0 3
3.46 1.0739335795724674 0.0 3
3.47 1.0754843869934452 0.0 3
3.48 1.0770329614269007 0.0 3
3.49 1.0785793124908958 0.0 3
3.5 1.0801234497346435 0.0 3
3.51 1.0816653826391966 0.0 3
3.52 1.0832051206181281 0.0 3
3.53 1.0847426730181986 0.0 3
3.54 1.0862780491200215 0.0 3
3.55 1.0878112581387147 0.0 3
3.56 1.0893423092245462 0.0 3
3.57 1.0908712114635715 0.0 3
3.58 1.0923979738782625 0.0 3
3.59 1.0939226054281292 0.0 3
3.6 1.0954451150103321 0.0 3
3.61 1.096965511460289 0.0 3
3.62 1.0984838035522722 0.0 3
3.63 1.1 0.0 3
3.64 1.1015141094572205 0.0 3
3.65 1.1030261405182864 0.0 3
3.66 1.104536101718726 0.0 3
3.67 1.106044001535804 0.0 3
3.68 1.1075498483890767 0.0 3
3.69 1.1090536506409416 0.0 3
3.7 1.1105554165971787 0.0 3
3.71 1.112055154507485 0.0 3
3.72 1.1135528725660044 0.0 3
3.73 1.1150485789118487 0.0 3
3.74 1.116542281629615 0.0 3
3.75 1.118033988749895 0.0 3
3.76 1.1195237082497775 0.0 3
3.77 1.121011448053349 0.0 3
3.78 1.1224972160321824 0.0 3
3.79 1.1239810200058244 0.0 3
3.8 1.1254628677422756 0.0 3
3.81 1.1269427669584644 0.0 3
3.82 1.128420725320717 0.0 3
3.83 1.1298967504452195 0.0 3
3.84 1.131370849898476 0.0 3
3.85 1.132843031197762 0.0 3
3.86 1.1343133018115703 0.0 3
3.87 1.1357816691600546 0.0 3
3.88 1.1372481406154653 0.0 3
3.89 1.1387127235025816 0.0 3
3.9 1.140175425099138 0.0 3
3.91 1.1416362526362474 0.0 3
3.92 1.1430952132988164 0.0 3
3.93 1.1445523142259597 0.0 3
3.94 1.1460075625114057 0.0 3
3.95 1.1474609652039003 0.0 3
3.96 1.1489125293076057 0.0 3
3.97 1.1503622617824931 0.0 3
3.98 1.1518101695447331 0.0 3
3.99 1.1532562594670797 0.0 3
4.0 1.1547005383792515 0.0 3
4.01 1.1561430130683084 0.0 3
4.02 1.1575836902790224 0.0 3
4.03 1.1590225767142475 0.0 3
4.04 1.1604596790352808 0.0 3
4.05 1.161895003862225 0.0 3
4.06 1.163328557774343 0.0 3
4.07 1.16476034731041 0.0 3
4.08 1.1661903789690602 0.0 3
4.09 1.1676186592091329 0.0 3
4.1 1.169045194450012 0.0 3
4.11 1.1704699910719625 0.0 3
4.12 1.171893055416463 0.0 3
4.13 1.173314393786536 0.0 3
4.14 1.174734012447073 0.0 3
4.15 1.1761519176251567 0.0 3
4.16 1.1775681155103797 0.0 3
4.17 1.1789826122551597 0.0 3
4.18 1.1803954139750517 0.0 3
4.19 1.1818065267490558 0.0 3
4.2 1.1832159566199232 0.0 3
4.21 1.1846237095944574 0.0 3
4.22 1.186029791643813 0.0 3
4.23 1.1874342087037917 0.0 3
4.24 1.188836966675134 0.0 3
4.25 1.1902380714238083 0.0 3
4.26 1.1916375287812984 0.0 3
4.27 1.1930353445448854 0.0 3
4.28 1.1944315244779278 0.0 3
4.29 1.1958260743101399 0.0 3
4.3 1.1972189997378648 0.0 3
4.31 1.1986103064243467 0.0 3
4.32 1.2000000000000002 0.0 3
4.33 1.2013880860626733 0.0 3
4.34 1.2027745701779142 0.0 3
4.35 1.2041594578792296 0.0 3
4.36 1.2055427546683417 0.0 3
4.37 1.2069244660154448 0.0 3
4.38 1.2083045973594573 0.0 3
4.39 1.2096831541082702 0.0 3
4.4 1.2110601416389968 0.0 3
4.41 1.2124355652982142 0.0 3
4.42 1.2138094304022082 0.0 3
4.43 1.2151817422372122 0.0 3
4.44 1.216552506059644 0.0 3
4.45 1.2179217270963407 0.0 3
4.46 1.219289410544792 0.0 3
4.47 1.2206555615733703 0.0 3
4.48 1.2220201853215573 0.0 3
4.49 1.2233832869001713 0.0 3
4.5 1.224744871391589 0.0 3
4.51 1.226104943849968 0.0 3
4.52 1.2274635093014645 0.0 3
4.53 1.2288205727444508 0.0 3
4.54 1.230176139149729 0.0 3
4.55 1.2315302134607444 0.0 3
4.56 1.2328828005937953 0.0 3
4.57 1.2342339054382412 0.0 3
4.58 1.2355835328567093 0.0 3
4.59 1.2369316876852983 0.0 3
4.6 1.2382783747337807 0.0 3
4.61 1.2396235987858035 0.0 3
4.62 1.2409673645990857 0.0 3
4.63 1.2423096769056148 0.0 3
4.64 1.243650540411842 0.0 3
4.65 1.2449899597988732 0.0 3
4.66 1.2463279397226612 0.0 3
4.67 1.2476644848141933 0.0 3
4.68 1.2489995996796797 0.0 3
4.69 1.2503332889007368 0.0 3
4.7 1.2516655570345725 0.0 3
4.71 1.2529964086141667 0.0 3
4.72 1.2543258481484518 0.0 3
4.73 1.255653880122491 0.0 3
4.74 1.2569805089976536 0.0 3
4.75 1.2583057392117916 0.0 3
4.76 1.2596295751794122 0.0 3
4.77 1.260952021291849 0.0 3
4.78 1.2622730819174326 0.0 3
4.79 1.2635927614016578 0.0 3
4.8 1.2649110640673518 0.0 3
4.81 1.2662279942148387 0.0 3
4.82 1.267543556122103 0.0 3
4.83 1.2688577540449522 0.0 3
4.84 1.2701705922171767 0.0 3
4.85 1.27148207485071 0.0 3
4.86 1.2727922061357855 0.0 3
4.87 1.274100990241093 0.0 3
4.88 1.2754084313139327 0.0 3
4.89 1.2767145334803705 0.0 3
4.9 1.2780193008453877 0.0 3
4.91 1.2793227374930325 0.0 3
4.92 1.2806248474865698 0.0 3
4.93 1.2819256348686274 0.0 3
4.94 1.2832251036613438 0.0 3
4.95 1.284523257866513 0.0 3
4.96 1.2858201014657273 0.0 3
4.97 1.2871156384205213 0.0 3
4.98 1.2884098726725126 0.0 3
4.99 1.2897028081435402 0.0 3
5.0 1.2909944487358056 0.0 3
5.01 1.2922847983320085 0.0 3
5.02 1.2935738607954836 0.0 3
5.03 1.2948616399703354 0.0 3
5.04 1.296148139681572 0.0 3
5.05 1.2974333637352375 0.0 3
5.06 1.2987173159185437 0.0 3
5.07 1.3 0.0 3
5.08 1.3012814197295424 0.0 3
5.09 1.3025615788386615 0.0 3
5.1 1.3038404810405297 0.0 3
5.11 1.3051181300301262 0.0 3
5.12 1.3063945294843617 0.0 3
5.13 1.307669683062202 0.0 3
5.14 1.3089435944047907 0.0 3
5.15 1.3102162671355697 0.0 3
5.16 1.3114877048604001 0.0 3
5.17 1.312757911167681 0.0 3
5.18 1.3140268896284681 0.0 3
5.19 1.3152946437965907 0.0 3
5.2 1.3165611772087666 0.0 3
5.21 1.3178264933847197 0.0 3
5.22 1.3190905958272918 0.0 3
5.23 1.3203534880225574 0.0 3
5.24 1.321615173439934 0.0 3
5.25 1.3228756555322954 0.0 3
5.26 1.3241349377360803 0.0 3
5.27 1.3253930234714029 0.0 3
5.28 1.3266499161421599 0.0 3
5.29 1.3279056191361394 0.0 3
5.3 1.3291601358251257 0.0 3
5.31 1.330413469565007 0.0 3
5.32 1.3316656236958786 0.0 3
5.33 1.332916601542147 0.0 3
5.34 1.3341664064126333 0.0 3
5.35 1.3354150416006751 0.0 3
5.36 1.3366625103842282 0.0 3
5.37 1.3379088160259651 0.0 3
5.38 1.3391539617733776 0.0 3
5.39 1.3403979508588733 0.0 3
5.4 1.3416407864998738 0.0 3
5.41 1.3428824718989125 0.0 3
5.42 1.34412301024373 0.0 3
5.43 1.345362404707371 0.0 3
5.44 1.346600658448277 0.0 3
5.45 1.347837774610382 0.0 3
5.46 1.3490737563232043 0.0 3
5.47 1.3503086067019396 0.0 3
5.48 1.351542328847553 0.0 3
5.49 1.3527749258468684 0.0 3
5.5 1.35400640077266 0.0 3
5.51 1.3552367566837416 0.0 3
5.52 1.3564659966250536 0.0 3
5.53 1.3576941236277535 0.0 3
5.54 1.3589211407093005 0.0 3
5.55 1.3601470508735443 0.0 3
5.56 1.361371857110809 0.0 3
5.57 1.3625955623979797 0.0 3
5.58 1.3638181696985856 0.0 3
5.59 1.3650396819628847 0.0 3
5.6 1.3662601021279464 0.0 3
5.61 1.3674794331177345 0.0 3
5.62 1.3686976778431872 0.0 3
5.63 1.3699148392023013 0.0 3
5.64 1.3711309200802089 0.0 3
5.65 1.37234592334926 0.0 3
5.66 1.373559851869101 0.0 3
5.67 1.374772708486752 0.0 3
5.68 1.3759844960366863 0.0 3
5.69 1.3771952173409066 0.0 3
5.7 1.3784048752090223 0.0 3
5.71 1.379613472438325 0.0 3
5.72 1.3808210118138653 0.0 3
5.73 1.3820274961085255 0.0 3
5.74 1.3832329280830953 0.0 3
5.75 1.3844373104863459 0.0 3
5.76 1.3856406460551018 0.0 3
5.77 1.3868429375143145 0.0 3
5.78 1.3880441875771343 0.0 3
5.79 1.3892443989449805 0.0 3
5.8 1.390443574307614 0.0 3
5.81 1.3916417163432069 0.0 3
5.82 1.392838827718412 0.0 3
5.83 1.3940349110884322 0.0 3
5.84 1.39522996909709 0.0 3
5.85 1.396424004376894 0.0 3
5.86 1.3976170195491087 0.0 3
5.87 1.3988090172238192 0.0 3
5.88 1.4 0.0 3
5.89 1.4011899704655801 0.0 3
5.9 1.4023789311975088 0.0 3
5.91 1.40356688476182 0.0 3
5.92 1.4047538337136984 0.0 3
5.93 1.4059397805975427 0.0 3
5.94 1.407124727947029 0.0 3
5.95 1.408308678285174 0.0 3
5.96 1.4094916341243984 0.0 3
5.97 1.4106735979665885 0.0 3
5.98 1.4118545723031581 0.0 3
5.99 1.4130345596151097 0.0 3
6.0 1.4142135623730951 0.0 3
6.01 1.4153915830374764 0.0 3
6.02 1.416568624058385 0.0 3
6.03 1.4177446878757827 0.0 3
6.04 1.4189197769195174 0.0 3
6.05 1.420093893609386 0.0 3
6.06 1.4212670403551895 0.0 3
6.07 1.4224392195567912 0.0 3
6.08 1.4236104336041748 0.0 3
6.09 1.4247806848775006 0.0 3
6.1 1.4259499757471625 0.0 3
6.11 1.427118308573843 0.0 3
6.12 1.42828568570857 0.0 3
6.13 1.4294521094927712 0.0 3
6.14 1.430617582258329 0.0 3
6.15 1.4317821063276355 0.0 3
6.16 1.4329456840136452 0.0 3
6.17 1.4341083176199303 0.0 3
6.18 1.4352700094407325 0.0 3
6.19 1.4364307617610164 0.0 3
6.2 1.4375905768565218 0.0 3
6.21 1.4387494569938157 0.0 3
6.22 1.439907404430345 0.0 3
6.23 1.4410644214144859 0.0 3
6.24 1.4422205101855958 0.0 3
6.25 1.4433756729740645 0.0 3
6.26 1.4445299120013633 0.0 3
6.27 1.445683229480096 0.0 3
6.28 1.446835627614047 0.0 3
6.29 1.4479871085982314 0.0 3
6.3 1.449137674618944 0.0 3
6.31 1.450287327853806 0.0 3
6.32 1.451436070471816 0.0 3
6.33 1.452583904633395 0.0 3
6.34 1.453730832490435 0.0 3
6.35 1.4548768561863463 0.0 3
6.36 1.4560219778561037 0.0 3
6.37 1.457166199626293 0.0 3
6.38 1.458309523615157 0.0 3
6.39 1.4594519519326423 0.0 3
6.4 1.4605934866804429 0.0 3
6.41 1.4617341299520465 0.0 3
6.42 1.4628738838327795 0.0 3
6.43 1.46401275039985 0.0 3
6.44 1.4651507317223942 0.0 3
6.45 1.466287829861518 0.0 3
6.46 1.4674240468703426 0.0 3
6.47 1.468559384794046 0.0 3
6.48 1.469693845669907 0.0 3
6.49 1.4708274315273473 0.0 3
6.5 1.4719601443879744 0.0 3
6.51 1.4730919862656235 0.0 3
6.52 1.4742229591663987 0.0 3
6.53 1.4753530650887152 0.0 3
6.54 1.47648230602334 0.0 3
6.55 1.4776106839534333 0.0 3
6.56 1.4787382008545888 0.0 3
6.57 1.4798648586948742 0.0 3
6.58 1.4809906594348707 0.0 3
6.59 1.482115605027714 0.0 3
6.6 1.4832396974191324 0.0 3
6.61 1.484362938547488 0.0 3
6.62 1.4854853303438127 0.0 3
6.63 1.4866068747318506 0.0 3
6.64 1.4877275736280933 0.0 3
6.65 1.4888474289418197 0.0 3
6.66 1.489966442575134 0.0 3
6.67 1.4910846164230027 0.0 3
6.68 1.4922019523732928 0.0 3
6.69 1.493318452306808 0.0 3
6.7 1.4944341180973264 0.0 3
6.71 1.4955489516116371 0.0 3
6.72 1.4966629547095764 0.0 3
6.73 1.4977761292440648 0.0 3
6.74 1.498888477061141 0.0 3
6.75 1.5 0.0 3
6.76 1.501110699893027 0.0 3
6.77 1.5022205785658331 0.0 3
6.78 1.503329637837291 0.0 3
6.79 1.5044378795195676 0.0 3
6.8 1.505545305418162 0.0 3
6.81 1.5066519173319364 0.0 3
6.82 1.5077577170531522 0.0 3
6.83 1.5088627063675035 0.0 3
6.84 1.5099668870541498 0.0 3
6.85 1.5110702608857516 0.0 3
6.86 1.5121728296285006 0.0 3
6.87 1.5132745950421556 0.0 3
6.88 1.514375558880073 0.0 3
6.89 1.5154757228892406 0.0 3
6.9 1.5165750888103102 0.0 3
6.91 1.517673658377628 0.0 3
6.92 1.518771433319269 0.0 3
6.93 1.5198684153570663 0.0 3
6.94 1.5209646062066446 0.0 3
6.95 1.52206000757745 0.0 3
6.96 1.5231546211727816 0.0 3
6.97 1.5242484486898233 0.0 3
6.98 1.5253414918196733 0.0 3
6.99 1.5264337522473748 0.0 3
7.0 1.5275252316519468 0.0 3
7.01 1.5286159317064134 0.0 3
7.02 1.5297058540778354 0.0 3
7.03 1.5307950004273378 0.0 3
7.04 1.531883372410141 0.0 3
7.05 1.5329709716755893 0.0 3
7.06 1.53405779986718 0.0 3
7.07 1.535143858622594 0.0 3
7.08 1.5362291495737217 0.0 3
7.09 1.537313674346694 0.0 3
7.1 1.5383974345619102 0.0 3
7.11 1.5394804318340654 0.0 3
7.12 1.540562667772179 0.0 3
7.13 1.5416441439796236 0.0 3
7.14 1.5427248620541512 0.0 3
7.15 1.5438048235879214 0.0 3
7.16 1.544884030167529 0.0 3
7.17 1.5459624833740306 0.0 3
7.18 1.5470401847829722 0.0 3
7.19 1.5481171359644164 0.0 3
7.2 1.5491933384829668 0.0 3
7.21 1.550268793897798 0.0 3
7.22 1.5513435037626795 0.0 3
7.23 1.5524174696260025 0.0 3
7.24 1.553490693030806 0.0 3
7.25 1.5545631755148024 0.0 3
7.26 1.5556349186104046 0.0 3
7.27 1.556705923844749 0.0 3
7.28 1.5577761927397231 0.0 3
7.29 1.5588457268119895 0.0 3
7.3 1.559914527573012 0.0 3
7.31 1.5609825965290793 0.0 3
7.32 1.5620499351813308 0.0 3
7.33 1.5631165450257807 0.0 3
7.34 1.5641824275533422 0.0 3
7.35 1.5652475842498528 0.0 3
7.36 1.5663120165960975 0.0 3
7.37 1.567375726067833 0.0 3
7.38 1.5684387141358123 0.0 3
7.39 1.569500982265807 0.0 3
7.4 1.570562531918633 0.0 3
7.41 1.5716233645501712 0.0 3
7.42 1.572683481611393 0.0 3
7.43 1.5737428845483834 0.0 3
7.44 1.5748015748023623 0.0 3
7.45 1.5758595538097084 0.0 3
7.46 1.5769168230019828 0.0 3
7.47 1.57797338380595 0.0 3
7.48 1.5790292376436015 0.0 3
7.49 1.5800843859321776 0.0 3
7.5 1.5811388300841898 0.0 3
7.51 1.5821925715074425 0.0 3
7.52 1.5832456116050555 0.0 3
7.53 1.584297951775486 0.0 3
7.54 1.5853495934125486 0.0 3
7.55 1.5864005379054391 0.0 3
7.56 1.5874507866387544 0.0 3
7.57 1.588500340992514 0.0 3
7.58 1.589549202342182 0.0 3
7.59 1.5905973720586866 0.0 3
7.6 1.591644851508443 0.0 3
7.61 1.592691642053372 0.0 3
7.62 1.5937377450509227 0.0 3
7.63 1.5947831618540915 0.0 3
7.64 1.595827893811443 0.0 3
7.65 1.5968719422671314 0.0 3
7.66 1.597915308560918 0.0 3
7.67 1.5989579940281942 0.0 3
7.68 1.6 0.0 3
7.69 1.6010413278030438 0.0 3
7.7 1.6020819787597222 0.0 3
7.71 1.6031219541881396 0.0 3
7.72 1.6041612554021285 0.0 3
7.73 1.6051998837112675 0.0 3
7.74 1.606237840420901 0.0 3
7.75 1.6072751268321592 0.0 3
7.76 1.6083117442419756 0.0 3
7.77 1.6093476939431082 0.0 3
7.78 1.610382977224155 0.0 3
7.79 1.611417595369576 0.0 3
7.8 1.61245154965971 0.0 3
7.81 1.613484841370793 0.0 3
7.82 1.614517471774978 0.0 3
7.83 1.6155494421403511 0.0 3
7.84 1.6165807537309522 0.0 3
7.85 1.6176114078067905 0.0 3
7.86 1.6186414056238645 0.0 3
7.87 1.619670748434179 0.0 3
7.88 1.6206994374857624 0.0 3
7.89 1.6217274740226855 0.0 3
7.9 1.622754859285078 0.0 3
7.91 1.6237815945091467 0.0 3
7.92 1.624807680927192 0.0 3
7.93 1.6258331197676263 0.0 3
7.94 1.6268579122549907 0.0 3
7.95 1.6278820596099706 0.0 3
7.96 1.6289055630494156 0.0 3
7.97 1.6299284237863534 0.0 3
7.98 1.6309506430300091 0.0 3
7.99 1.6319722219858197 0.0 3
8.0 1.632993161855452 0.0 3
8.01 1.6340134638368191 0.0 3
8.02 1.6350331291240963 0.0 3
8.03 1.6360521589077368 0.0 3
8.04 1.63707055437449 0.0 3
8.05 1.6380883167074154 0.0 3
8.06 1.6391054470858997 0.0 3
8.07 1.6401219466856725 0.0 3
8.08 1.6411378166788229 0.0 3
8.09 1.6421530582338135 0.0 3
8.1 1.6431676725154982 0.0 3
8.11 1.6441816606851365 0.0 3
8.12 1.6451950239004087 0.0 3
8.13 1.6462077633154328 0.0 3
8.14 1.6472198800807782 0.0 3
8.15 1.648231375343482 0.0 3
8.16 1.6492422502470643 0.0 3
8.17 1.6502525059315418 0.0 3
8.18 1.6512621435334447 0.0 3
8.19 1.6522711641858305 0.0 3
8.2 1.653279569018299 0.0 3
8.21 1.6542873591570078 0.0 3
8.22 1.6552945357246849 0.0 3
8.23 1.656301099840646 0.0 3
8.24 1.6573070526208071 0.0 3
8.25 1.6583123951777 0.0 3
8.26 1.6593171286204857 0.0 3
8.27 1.6603212540549694 0.0 3
8.28 1.6613247725836149 0.0 3
8.29 1.6623276853055577 0.0 3
8.3 1.66332999331662 0.0 3
8.31 1.6643316977093239 0.0 3
8.32 1.6653327995729061 0.0 3
8.33 1.6663332999933318 0.0 3
8.34 1.6673332000533065 0.0 3
8.35 1.6683325008322931 0.0 3
8.36 1.669331203406522 0.0 3
8.37 1.6703293088490065 0.0 3
8.38 1.6713268182295566 0.0 3
8.39 1.672323732614791 0.0 3
8.4 1.6733200530681511 0.0 3
8.41 1.6743157806499147 0.0 3
8.42 1.6753109164172084 0.0 3
8.43 1.676305461424021 0.0 3
8.44 1.6772994167212165 0.0 3
8.45 1.6782927833565473 0.0 3
8.46 1.6792855623746665 0.0 3
8.47 1.6802777548171415 0.0 3
8.48 1.6812693617224654 0.0 3
8.49 1.6822603841260722 0.0 3
8.5 1.6832508230603465 0.0 3
8.51 1.6842406795546374 0.0 3
8.52 1.6852299546352716 0.0 3
8.53 1.686218649325565 0.0 3
8.54 1.687206764645835 0.0 3
8.55 1.6881943016134133 0.0 3
8.56 1.689181261242657 0.0 3
8.57 1.6901676445449625 0.0 3
8.58 1.6911534525287764 0.0 3
8.59 1.6921386861996073 0.0 3
8.6 1.6931233465600393 0.0 3
8.61 1.6941074346097416 0.0 3
8.62 1.6950909513454826 0.0 3
8.63 1.6960738977611403 0.0 3
8.64 1.6970562748477143 0.0 3
8.65 1.6980380835933373 0.0 3
8.66 1.6990193249832877 0.0 3
8.67 1.7 0.0 3
8.68 1.7009801096230763 0.0 3
8.69 1.701959654829299 0.0 3
8.7 1.70293863659264 0.0 3
8.71 1.7039170558842744 0.0 3
8.72 1.7048949136725895 0.0 3
8.73 1.705872210923198 0.0 3
8.74 1.7068489485989478 0.0 3
8.75 1.707825127659933 0.0 3
8.76 1.7088007490635062 0.0 3
8.77 1.709775813764288 0.0 3
8.78 1.7107503227141787 0.0 3
8.79 1.7117242768623688 0.0 3
8.8 1.7126976771553506 0.0 3
8.81 1.713670524536927 0.0 3
8.82 1.7146428199482247 0.0 3
8.83 1.7156145643277028 0.0 3
8.84 1.7165857586111644 0.0 3
8.85 1.7175564037317668 0.0 3
8.86 1.718526500620032 0.0 3
8.87 1.7194960502038574 0.0 3
8.88 1.7204650534085255 0.0 3
8.89 1.7214335111567143 0.0 3
8.9 1.7224014243685084 0.0 3
8.91 1.7233687939614086 0.0 3
8.92 1.7243356208503415 0.0 3
8.93 1.725301905947671 0.0 3
8.94 1.7262676501632068 0.0 3
8.95 1.7272328544042153 0.0 3
8.96 1.7281975195754293 0.0 3
8.97 1.7291616465790582 0.0 3
8.98 1.7301252363147974 0.0 3
8.99 1.7310882896798379 0.0 3
9.0 1.7320508075688772 0.0 3
9.01 1.7330127908741277 0.0 3
9.02 1.733974240485327 0.0 3
9.03 1.7349351572897471 0.0 3
9.04 1.7358955421722049 0.0 3
9.05 1.7368553960150703 0.0 3
9.06 1.7378147196982767 0.0 3
9.07 1.7387735140993301 0.0 3
9.08 1.7397317800933185 0.0 3
9.09 1.740689518552921 0.0 3
9.1 1.7416467303484175 0.0 3
9.11 1.7426034163476976 0.0 3
9.12 1.7435595774162693 0.0 3
9.13 1.74451521441727 0.0 3
9.14 1.745470328211473 0.0 3
9.15 1.746424919657298 0.0 3
9.16 1.747378989610821 0.0 3
9.17 1.7483325389257807 0.0 3
9.18 1.7492855684535902 0.0 3
9.19 1.7502380790433434 0.0 3
9.2 1.7511900715418263 0.0 3
9.21 1.7521415467935233 0.0 3
9.22 1.7530925056406275 0.0 3
9.23 1.7540429489230491 0.0 3
9.24 1.7549928774784245 0.0 3
9.25 1.7559422921421233 0.0 3
9.26 1.7568911937472584 0.0 3
9.27 1.7578395831246945 0.0 3
9.28 1.7587874611030558 0.0 3
9.29 1.7597348285087349 0.0 3
9.3 1.760681686165901 0.0 3
9.31 1.7616280348965083 0.0 3
9.32 1.7625738755203049 0.0 3
9.33 1.7635192088548397 0.0 3
9.34 1.7644640357154728 0.0 3
9.35 1.7654083569153813 0.0 3
9.36 1.7663521732655694 0.0 3
9.37 1.767295485574875 0.0 3
9.38 1.7682382946499793 0.0 3
9.39 1.7691806012954134 0.0 3
9.4 1.7701224063135672 0.0 3
9.41 1.7710637105046974 0.0 3
9.42 1.772004514666935 0.0 3
9.43 1.7729448195962934 0.0 3
9.44 1.773884626086676 0.0 3
9.45 1.7748239349298849 0.0 3
9.46 1.7757627469156272 0.0 3
9.47 1.7767010628315238 0.0 3
9.48 1.7776388834631178 0.0 3
9.49 1.77857620959388 0.0 3
9.5 1.7795130420052185 0.0 3
9.51 1.7804493814764855 0.0 3
9.52 1.781385228784985 0.0 3
9.53 1.78232058470598 0.0 3
9.54 1.7832554500127007 0.0 3
9.55 1.7841898254763515 0.0 3
9.56 1.785123711866118 0.0 3
9.57 1.786057109949175 0.0 3
9.58 1.7869900204906948 0.0 3
9.59 1.7879224442538515 0.0 3
9.6 1.7888543819998317 0.0 3
9.61 1.78978583448784 0.0 3
9.62 1.7907168024751057 0.0 3
9.63 1.7916472867168918 0.0 3
9.64 1.7925772879665003 0.0 3
9.65 1.7935068069752806 0.0 3
9.66 1.794435844492636 0.0 3
9.67 1.7953644012660308 0.0 3
9.68 1.7962924780409972 0.0 3
9.69 1.797220075561143 0.0 3
9.7 1.7981471945681569 0.0 3
9.71 1.799073835801818 0.0 3
9.72 1.8 0.0 3
9.73 1.80092568789868 0.0 3
9.74 1.8018509002319438 0.0 3
9.75 1.8027756377319946 0.0 3
9.76 1.8036999011291577 0.0 3
9.77 1.8046236911518885 0.0 3
9.78 1.8055470085267789 0.0 3
9.79 1.8064698539785637 0.0 3
9.8 1.807392228230128 0.0 3
9.81 1.8083141320025125 0.0 3
9.82 1.8092355660149215 0.0 3
9.83 1.8101565309847287 0.0 3
9.84 1.8110770276274832 0.0 3
9.85 1.8119970566569177 0.0 3
9.86 1.812916618784953 0.0 3
9.87 1.8138357147217052 0.0 3
9.88 1.8147543451754933 0.0 3
9.89 1.8156725108528429 0.0 3
9.9 1.8165902124584952 0.0 3
9.91 1.8175074506954114 0.0 3
9.92 1.8184242262647807 0.0 3
9.93 1.8193405398660252 0.0 3
9.94 1.8202563921968062 0.0 3
9.95 1.8211717839530313 0.0 3
9.96 1.8220867158288598 0.0 3
9.97 1.823001188516709 0.0 3
9.98 1.8239152027072603 0.0 3
9.99 1.8248287590894658 0.0 3
10.0 1.8257418583505538 0.0 3
10.01 1.8266545011760342 0.0 3
10.02 1.8275666882497066 0.0 3
10.03 1.8284784202536637 0.0 3
10.04 1.829389697868299 0.0 3
10.05 1.8303005217723127 0.0 3
10.06 1.8312108926427162 0.0 3
10.07 1.8321208111548395 0.0 3
10.08 1.833030277982336 0.0 3
10.09 1.8339392937971892 0.0 3
10.1 1.834847859269718 0.0 3
10.11 1.835755975068582 0.0 3
10.12 1.836663641860788 0.0 3
10.13 1.837570860311696 0.0 3
10.14 1.8384776310850237 0.0 3
10.15 1.8393839548428526 0.0 3
10.16 1.840289832245635 0.0 3
10.17 1.841195263952197 0.0 3
10.18 1.8421002506197466 0.0 3
10.19 1.843004792903878 0.0 3
10.2 1.8439088914585775 0.0 3
10.21 1.8448125469362284 0.0 3
10.22 1.845715759987617 0.0 3
10.23 1.8466185312619388 0.0 3
10.24 1.8475208614068026 0.0 3
10.25 1.848422751068236 0.0 3
10.26 1.849324200890693 0.0 3
10.27 1.8502252115170557 0.0 3
10.28 1.8511257835886428 0.0 3
10.29 1.8520259177452134 0.0 3
10.3 1.8529256146249728 0.0 3
10.31 1.8538248748645776 0.0 3
10.32 1.8547236990991407 0.0 3
10.33 1.8556220879622374 0.0 3
10.34 1.8565200420859094 0.0 3
10.35 1.857417562100671 0.0 3
10.36 1.8583146486355138 0.0 3
10.37 1.859211302317912 0.0 3
10.38 1.8601075237738276 0.0 3
10.39 1.8610033136277144 0.0 3
10.4 1.8618986725025255 0.0 3
10.41 1.862793601019716 0.0 3
10.42 1.8636880997992484 0.0 3
10.43 1.8645821694595994 0.0 3
10.44 1.865475810617763 0.0 3
10.45 1.8663690238892556 0.0 3
10.46 1.8672618098881224 0.0 3
10.47 1.8681541692269406 0.0 3
10.48 1.869046102516825 0.0 3
10.49 1.8699376103674332 0.0 3
10.5 1.8708286933869707 0.0 3
10.51 1.8717193521821944 0.0 3
10.52 1.8726095873584185 0.0 3
10.53 1.8734993995195195 0.0 3
10.54 1.8743887892679398 0.0 3
10.55 1.875277757204694 0.0 3
10.56 1.876166303929372 0.0 3
10.57 1.877054430040145 0.0 3
10.58 1.8779421361337698 0.0 3
10.59 1.8788294228055935 0.0 3
10.6 1.879716290649558 0.0 3
10.61 1.8806027402582042 0.0 3
10.62 1.8814887722226779 0.0 3
10.63 1.8823743871327334 0.0 3
10.64 1.883259585576738 0.0 3
10.65 1.8841443681416772 0.0 3
10.66 1.885028735413159 0.0 3
10.67 1.885912687975418 0.0 3
10.68 1.8867962264113207 0.0 3
10.69 1.887679351302369 0.0 3
10.7 1.888562063228706 0.0 3
10.71 1.8894443627691184 0.0 3
10.72 1.8903262505010434 0.0 3
10.73 1.8912077270005712 0.0 3
10.74 1.8920887928424501 0.0 3
10.75 1.8929694486000912 0.0 3
10.76 1.893849694845572 0.0 3
10.77 1.8947295321496416 0.0 3
10.78 1.8956089610817242 0.0 3
10.79 1.8964879822099232 0.0 3
10.8 1.8973665961010275 0.0 3
10.81 1.898244803320513 0.0 3
10.82 1.8991226044325487 0.0 3
10.83 1.9 0.0 3
10.84 1.9008769905844336 0.0 3
10.85 1.9017535767461216 0.0 3
10.86 1.9026297590440446 0.0 3
10.87 1.9035055380358978 0.0 3
10.88 1.9043809142780934 0.0 3
10.89 1.905255888325765 0.0 3
10.9 1.906130460732773 0.0 3
10.91 1.9070046320517071 0.0 3
10.92 1.9078784028338913 0.0 3
10.93 1.9087517736293877 0.0 3
10.94 1.9096247449870005 0.0 3
10.95 1.91049731745428 0.0 3
10.96 1.911369491577527 0.0 3
10.97 1.9122412679017955 0.0 3
10.98 1.9131126469708992 0.0 3
10.99 1.9139836293274124 0.0 3
11.0 1.9148542155126762 0.0 3
11.01 1.9157244060668017 0.0 3
11.02 1.9165942015286734 0.0 3
11.03 1.917463602435954 0.0 3
11.04 1.9183326093250876 0.0 3
11.05 1.9192012227313042 0.0 3
11.06 1.9200694431886225 0.0 3
11.07 1.9209372712298547 0.0 3
11.08 1.92180470738661 0.0 3
11.09 1.9226717521892984 0.0 3
11.1 1.9235384061671343 0.0 3
11.11 1.9244046698481412 0.0 3
11.12 1.9252705437591535 0.0 3
11.13 1.9261360284258224 0.0 3
11.14 1.927001124372618 0.0 3
11.15 1.927865832122834 0.0 3
11.16 1.9287301521985911 0.0 3
11.17 1.9295940851208404 0.0 3
11.18 1.9304576314093678 0.0 3
11.19 1.9313207915827966 0.0 3
11.2 1.9321835661585918 0.0 3
11.21 1.933045955653064 0.0 3
11.22 1.9339079605813716 0.0 3
11.23 1.9347695814575268 0.0 3
11.24 1.9356308187943967 0.0 3
11.25 1.9364916731037085 0.0 3
11.26 1.937352144896052 0.0 3
11.27 1.938212234680884 0.0 3
11.28 1.9390719429665315 0.0 3
11.29 1.939931270260195 0.0 3
11.3 1.9407902170679516 0.0 3
11.31 1.9416487838947598 0.0 3
11.32 1.942506971244462 0.0 3
11.33 1.943364779619788 0.0 3
11.34 1.944222209522358 0.0 3
11.35 1.9450792614526877 0.0 3
11.36 1.94593593591019 0.0 3
11.37 1.9467922333931784 0.0 3
11.38 1.9476481543988722 0.0 3
11.39 1.9485036994233977 0.0 3
11.4 1.949358868961793 0.0 3
11.41 1.9502136635080098 0.0 3
11.42 1.9510680835549197 0.0 3
11.43 1.9519221295943134 0.0 3
11.44 1.952775802116908 0.0 3
11.45 1.953629101612347 0.0 3
11.46 1.9544820285692064 0.0 3
11.47 1.9553345834749953 0.0 3
11.48 1.9561867668161612 0.0 3
11.49 1.9570385790780926 0.0 3
11.5 1.9578900207451218 0.0 3
11.51 1.9587410923005282 0.0 3
11.52 1.9595917942265424 0.0 3
11.53 1.9604421270043484 0.0 3
11.54 1.9612920911140865 0.0 3
11.55 1.9621416870348585 0.0 3
11.56 1.9629909152447276 0.0 3
11.57 1.963839776220725 0.0 3
11.58 1.96468827043885 0.0 3
11.59 1.9655363983740757 0.0 3
11.6 1.96638416050035 0.0 3
11.61 1.9672315572906 0.0 3
11.62 1.9680785892167347 0.0 3
11.63 1.9689252567496478 0.0 3
11.64 1.969771560359221 0.0 3
11.65 1.970617500514327 0.0 3
11.66 1.9714630776828326 0.0 3
11.67 1.972308292331602 0.0 3
11.68 1.973153144926499 0.0 3
11.69 1.9739976359323905 0.0 3
11.7 1.9748417658131499 0.0 3
11.71 1.9756855350316593 0.0 3
11.72 1.9765289440498124 0.0 3
11.73 1.977371993328519 0.0 3
11.74 1.9782146833277054 0.0 3
11.75 1.9790570145063195 0.0 3
11.76 1.9798989873223332 0.0 3
11.77 1.980740602232744 0.0 3
11.78 1.98158185969358 0.0 3
11.79 1.982422760159901 0.0 3
11.8 1.9832633040858023 0.0 3
11.81 1.9841034919244174 0.0 3
11.82 1.9849433241279208 0.0 3
11.83 1.9857828011475307 0.0 3
11.84 1.986621923433512 0.0 3
11.85 1.987460691435179 0.0 3
11.86 1.9882991056008985 0.0 3
11.87 1.9891371663780923 0.0 3
11.88 1.98997487421324 0.0 3
11.89 1.9908122295518815 0.0 3
11.9 1.9916492328386208 0.0 3
11.91 1.9924858845171276 0.0 3
11.92 1.9933221850301404 0.0 3
11.93 1.9941581348194697 0.0 3
11.94 1.9949937343260002 0.0 3
11.95 1.9958289839896937 0.0 3
11.96 1.9966638842495916 0.0 3
11.97 1.997498435543818 0.0 3
11.98 1.9983326383095816 0.0 3
11.99 1.9991664929831798 0.0 3
12.0 2.0 0.0 3
12.01 2.0008331597945226 0.0 3
12.02 2.001665972800324 0.0 3
12.03 2.0024984394500787 0.0 3
12.04 2.0033305601755624 0.0 3
12.05 2.004162335407655 0.0 3
12.06 2.004993765576342 0.0 3
12.07 2.005824851110718 0.0 3
12.08 2.006655592438988 0.0 3
12.09 2.0074859899884734 0.0 3
12.1 2.008316044185609 0.0 3
12.11 2.0091457554559513 0.0 3
12.12 2.009975124224178 0.0 3
12.13 2.01080415091409 0.0 3
12.14 2.011632835948615 0.0 3
12.15 2.0124611797498106 0.0 3
12.16 2.0132891827388666 0.0 3
12.17 2.0141168453361056 0.0 3
12.18 2.0149441679609885 0.0 3
12.19 2.015771151032114 0.0 3
12.2 2.016597794967223 0.0 3
12.21 2.0174241001832014 0.0 3
12.22 2.0182500670960803 0.0 3
12.23 2.019075696121041 0.0 3
12.24 2.0199009876724157 0.0 3
12.25 2.0207259421636903 0.0 3
12.26 2.0215505600075074 0.0 3
12.27 2.0223748416156684 0.0 3
12.28 2.0231987873991355 0.0 3
12.29 2.0240223977680354 0.0 3
12.3 2.024845673131659 0.0 3
12.31 2.0256686138984663 0.0 3
12.32 2.0264912204760885 0.0 3
12.33 2.0273134932713295 0.0 3
12.34 2.0281354326901675 0.0 3
12.35 2.0289570391377603 0.0 3
12.36 2.029778313018444 0.0 3
12.37 2.0305992547357374 0.0 3
12.38 2.0314198646923454 0.0 3
12.39 2.0322401432901573 0.0 3
12.4 2.0330600909302543 0.0 3
12.41 2.0338797080129067 0.0 3
12.42 2.0346989949375804 0.0 3
12.43 2.035517952102937 0.0 3
12.44 2.0363365799068354 0.0 3
12.45 2.0371548787463363 0.0 3
12.46 2.037972849017703 0.0 3
12.47 2.0387904911164036 0.0 3
12.48 2.039607805437114 0.0 3
12.49 2.040424792373719 0.0 3
12.5 2.041241452319315 0.0 3
12.51 2.0420577856662137 0.0 3
12.52 2.0428737928059415 0.0 3
12.53 2.0436894741292444 0.0 3
12.54 2.0445048300260873 0.0 3
12.55 2.0453198608856593 0.0 3
12.56 2.046134567096374 0.0 3
12.57 2.046948949045872 0.0 3
12.58 2.0477630071210227 0.0 3
12.59 2.048576741707927 0.0 3
12.6 2.04939015319192 0.0 3
12.61 2.0502032419575706 0.0 3
12.62 2.0510160083886877 0.0 3
12.63 2.0518284528683193 0.0 3
12.64 2.052640575778754 0.0 3
12.65 2.053452377501525 0.0 3
12.66 2.0542638584174138 0.0 3
12.67 2.055075018906447 0.0 3
12.68 2.055885859347903 0.0 3
12.69 2.056696380120313 0.0 3
12.7 2.057506581601462 0.0 3
12.71 2.058316464168391 0.0 3
12.72 2.0591260281974 0.0 3
12.73 2.05993527406405 0.0 3
12.74 2.0607442021431646 0.0 3
12.75 2.0615528128088303 0.0 3
12.76 2.0623611064344027 0.0 3
12.77 2.0631690833925043 0.0 3
12.78 2.0639767440550294 0.0 3
12.79 2.064784088793144 0.0 3
12.8 2.065591117977289 0.0 3
12.81 2.0663978319771825 0.0 3
12.82 2.0672042311618206 0.0 3
12.83 2.06801031589948 0.0 3
12.84 2.06881608655772 0.0 3
12.85 2.0696215435033847 0.0 3
12.86 2.0704266871026045 0.0 3
12.87 2.071231517720798 0.0 3
12.88 2.072036035722674 0.0 3
12.89 2.0728402414722336 0.0 3
12.9 2.073644135332772 0.0 3
12.91 2.0744477176668816 0.0 3
12.92 2.0752509888364505 0.0 3
12.93 2.0760539492026693 0.0 3
12.94 2.0768565991260286 0.0 3
12.95 2.077658938966323 0.0 3
12.96 2.078460969082653 0.0 3
12.97 2.079262689833426 0.0 3
12.98 2.0800641015763595 0.0 3
12.99 2.080865204668481 0.0 3
13.0 2.0816659994661326 0.0 3
13.01 2.0824664863249702 0.0 3
13.02 2.083266665599966 0.0 3
13.03 2.0840665376454113 0.0 3
13.04 2.0848661028149187 0.0 3
13.05 2.0856653614614213 0.0 3
13.06 2.0864643139371766 0.0 3
13.07 2.0872629605937694 0.0 3
13.08 2.08806130178211 0.0 3
13.09 2.0888593378524396 0.0 3
13.1 2.0896570691543306 0.0 3
13.11 2.090454496036687 0.0 3
13.12 2.0912516188477497 0.0 3
13.13 2.092048437935094 0.0 3
13.14 2.092844953645635 0.0 3
13.15 2.0936411663256274 0.0 3
13.16 2.0944370763206677 0.0 3
13.17 2.0952326839756963 0.0 3
13.18 2.0960279896349987 0.0 3
13.19 2.0968229936422067 0.0 3
13.2 2.097617696340303 0.0 3
13.21 2.098412098071619 0.0 3
13.22 2.0992061991778384 0.0 3
13.23 2.1 0.0 3
13.24 2.1007935008784973 0.0 3
13.25 2.101586702153082 0.0 3
13.26 2.1023796041628637 0.0 3
13.27 2.103172207246314 0.0 3
13.28 2.1039645117412666 0.0 3
13.29 2.1047565179849186 0.0 3
13.3 2.105548226313834 0.0 3
13.31 2.106339637063944 0.0 3
13.32 2.1071307505705477 0.0 3
13.33 2.107921567168317 0.0 3
13.34 2.1087120871912948 0.0 3
13.35 2.1095023109728985 0.0 3
13.36 2.110292238845922 0.0 3
13.37 2.111081871142535 0.0 3
13.38 2.1118712081942874 0.0 3
13.39 2.11266025033211 0.0 3
13.4 2.1134489978863145 0.0 3
13.41 2.1142374511865976 0.0 3
13.42 2.1150256105620406 0.0 3
13.43 2.1158134763411134 0.0 3
13.44 2.116601048851672 0.0 3
13.45 2.117388328420966 0.0 3
13.46 2.118175315375634 0.0 3
13.47 2.118962010041709 0.0 3
13.48 2.1197484127446193 0.0 3
13.49 2.12053452380919 0.0 3
13.5 2.1213203435596424 0.0 3
13.51 2.1221058723196005 0.0 3
13.52 2.1228911104120876 0.0 3
13.53 2.12367605815953 0.0 3
13.54 2.124460715883759 0.0 3
13.55 2.1252450839060106 0.0 3
13.56 2.12602916254693 0.0 3
13.57 2.1268129521265693 0.0 3
13.58 2.127596452964393 0.0 3
13.59 2.1283796653792764 0.0 3
13.6 2.1291625896895083 0.0 3
13.61 2.129945226212793 0.0 3
13.62 2.130727575266252 0.0 3
13.63 2.1315096371664226 0.0 3
13.64 2.1322914122292635 0.0 3
13.65 2.1330729007701543 0.0 3
13.66 2.1338541031038964 0.0 3
13.67 2.134635019544715 0.0 3
13.68 2.1354156504062622 0.0 3
13.69 2.1361959960016152 0.0 3
13.7 2.136976056643281 0.0 3
13.71 2.137755832643195 0.0 3
13.72 2.138535324312725 0.0 3
13.73 2.1393145319626723 0.0 3
13.74 2.1400934559032696 0.0 3
13.75 2.140872096444188 0.0 3
13.76 2.1416504538945347 0.0 3
13.77 2.142428528562855 0.0 3
13.78 2.1432063207571344 0.0 3
13.79 2.1439838307848 0.0 3
13.8 2.1447610589527217 0.0 3
13.81 2.1455380055672126 0.0 3
13.82 2.146314670934033 0.0 3
13.83 2.147091055358389 0.0 3
13.84 2.1478671591449348 0.0 3
13.85 2.1486429825977758 0.0 3
13.86 2.149418526020468 0.0 3
13.87 2.1501937897160186 0.0 3
13.88 2.1509687739868903 0.0 3
13.89 2.151743479135001 0.0 3
13.9 2.1525179054617256 0.0 3
13.91 2.153292053267895 0.0 3
13.92 2.1540659228538015 0.0 3
13.93 2.1548395145191983 0.0 3
13.94 2.155612828563299 0.0 3
13.95 2.1563858652847823 0.0 3
13.96 2.1571586249817916 0.0 3
13.97 2.1579311079519354 0.0 3
13.98 2.1587033144922905 0.0 3
13.99 2.159475244899402 0.0 3
14.0 2.160246899469287 0.0 3
14.01 2.1610182784974308 0.0 3
14.02 2.1617893822787946 0.0 3
14.03 2.1625602111078126 0.0 3
14.04 2.1633307652783933 0.0 3
14.05 2.164101045083924 0.0 3
14.06 2.164871050817269 0.0 3
14.07 2.1656407827707715 0.0 3
14.08 2.1664102412362563 0.0 3
14.09 2.167179426505029 0.0 3
14.1 2.16794833886788 0.0 3
14.11 2.1687169786150826 0.0 3
14.12 2.169485346036397 0.0 3
14.13 2.1702534414210706 0.0 3
14.14 2.1710212650578375 0.0 3
14.15 2.171788817234923 0.0 3
14.16 2.172556098240043 0.0 3
14.17 2.1733231083604054 0.0 3
14.18 2.17408984788271 0.0 3
14.19 2.1748563170931545 0.0 3
14.2 2.1756225162774294 0.0 3
14.21 2.1763884457207237 0.0 3
14.22 2.177154105707724 0.0 3
14.23 2.177919496522618 0.0 3
14.24 2.1786846184490924 0.0 3
14.25 2.179449471770337 0.0 3
14.26 2.180214056769044 0.0 3
14.27 2.180978373727412 0.0 3
14.28 2.181742422927143 0.0 3
14.29 2.182506204649447 0.0 3
14.3 2.183269719175042 0.0 3
14.31 2.1840329667841556 0.0 3
14.32 2.184795947756525 0.0 3
14.33 2.1855586623714007 0.0 3
14.34 2.186321110907545 0.0 3
14.35 2.187083293643233 0.0 3
14.36 2.1878452108562585 0.0 3
14.37 2.188606862823929 0.0 3
14.38 2.18936824982307 0.0 3
14.39 2.190129372130027 0.0 3
14.4 2.1908902300206643 0.0 3
14.41 2.191650823770368 0.0 3
14.42 2.1924111536540463 0.0 3
14.43 2.1931712199461306 0.0 3
14.44 2.193931022920578 0.0 3
14.45 2.1946905628508695 0.0 3
14.46 2.195449840010015 0.0 3
14.47 2.196208854670551 0.0 3
14.48 2.1969676071045443 0.0 3
14.49 2.1977260975835913 0.0 3
14.5 2.1984843263788196 0.0 3
14.51 2.1992422937608915 0.0 3
14.52 2.2 0.0 3
14.53 2.200757445365875 0.0 3
14.54 2.2015146301277824 0.0 3
14.55 2.202271554554524 0.0 3
14.56 2.203028218914441 0.0 3
14.57 2.203784623475413 0.0 3
14.58 2.2045407685048604 0.0 3
14.59 2.2052966542697456 0.0 3
14.6 2.206052281036573 0.0 3
14.61 2.2068076490713913 0.0 3
14.62 2.207562758639793 0.0 3
14.63 2.208317610006918 0.0 3
14.64 2.209072203437452 0.0 3
14.65 2.2098265391956295 0.0 3
14.66 2.210580617545234 0.0 3
14.67 2.211334438749598 0.0 3
14.68 2.212088003071608 0.0 3
14.69 2.2128413107737 0.0 3
14.7 2.2135943621178655 0.0 3
14.71 2.2143471573656495 0.0 3
14.72 2.2150996967781533 0.0 3
14.73 2.215851980616034 0.0 3
14.74 2.2166040091395063 0.0 3
14.75 2.217355782608345 0.0 3
14.76 2.2181073012818833 0.0 3
14.77 2.2188585654190156 0.0 3
14.78 2.219609575278199 0.0 3
14.79 2.2203603311174516 0.0 3
14.8 2.2211108331943574 0.0 3
14.81 2.2218610817660647 0.0 3
14.82 2.222611077089287 0.0 3
14.83 2.223360819420306 0.0 3
14.84 2.22411030901497 0.0 3
14.85 2.224859546128699 0.0 3
14.86 2.22560853101648 0.0 3
14.87 2.2263572639328726 0.0 3
14.88 2.227105745132009 0.0 3
14.89 2.227853974867593 0.0 3
14.9 2.228601953392904 0.0 3
14.91 2.2293496809607953 0.0 3
14.92 2.2300971578236974 0.0 3
14.93 2.230844384233617 0.0 3
14.94 2.2315913604421396 0.0 3
14.95 2.2323380867004294 0.0 3
14.96 2.23308456325923 0.0 3
14.97 2.233830790368868 0.0 3
14.98 2.2345767682792492 0.0 3
14.99 2.2353224972398653 0.0 3
15.0 2.23606797749979 0.0 3
15.01 2.236813209307682 0.0 3
15.02 2.2375581929117883 0.0 3
15.03 2.238302928559939 0.0 3
15.04 2.239047416499555 0.0 3
15.05 2.2397916569776455 0.0 3
15.06 2.2405356502408083 0.0 3
15.07 2.241279396535232 0.0 3
15.08 2.242022896106698 0.0 3
15.09 2.2427661492005804 0.0 3
15.1 2.243509156061845 0.0 3
15.11 2.2442519169350543 0.0 3
15.12 2.244994432064365 0.0 3
15.13 2.24573670169353 0.0 3
15.14 2.2464787260658996 0.0 3
15.15 2.247220505424423 0.0 3
15.16 2.247962040011649 0.0 3
15.17 2.2487033300697243 0.0 3
15.18 2.2494443758403984 0.0 3
15.19 2.250185177565023 0.0 3
15.2 2.250925735484551 0.0 3
15.21 2.2516660498395407 0.0 3
15.22 2.2524061208701536 0.0 3
15.23 2.2531459488161585 0.0 3
15.24 2.253885533916929 0.0 3
15.25 2.254624876411447 0.0 3
15.26 2.255363976538303 0.0 3
15.27 2.2561028345356955 0.0 3
15.28 2.256841450641434 0.0 3
15.29 2.2575798250929395 0.0 3
15.3 2.2583179581272432 0.0 3
15.31 2.25905584998099 0.0 3
15.32 2.259793500890439 0.0 3
15.33 2.2605309110914633 0.0 3
15.34 2.2612680808195504 0.0 3
15.35 2.262005010309806 0.0 3
15.36 2.262741699796952 0.0 3
15.37 2.2634781495153278 0.0 3
15.38 2.264214359698893 0.0 3
15.39 2.264950330581225 0.0 3
15.4 2.265686062395524 0.0 3
15.41 2.26642155537461 0.0 3
15.42 2.2671568097509267 0.0 3
15.43 2.26789182575654 0.0 3
15.44 2.2686266036231406 0.0 3
15.45 2.269361143582043 0.0 3
15.46 2.2700954458641895 0.0 3
15.47 2.2708295107001466 0.0 3
15.48 2.2715633383201093 0.0 3
15.49 2.2722969289539017 0.0 3
15.5 2.273030282830976 0.0 3
15.51 2.2737634001804143 0.0 3
15.52 2.2744962812309306 0.0 3
15.53 2.2752289262108696 0.0 3
15.54 2.2759613353482084 0.0 3
15.55 2.276693508870558 0.0 3
15.56 2.277425447005163 0.0 3
15.57 2.2781571499789037 0.0 3
15.58 2.2788886180182946 0.0 3
15.59 2.279619851349489 0.0 3
15.6 2.280350850198276 0.0 3
15.61 2.281081614790083 0.0 3
15.62 2.2818121453499773 0.0 3
15.63 2.2825424421026654 0.0 3
15.64 2.2832725052724947 0.0 3
15.65 2.284002335083453 0.0 3
15.66 2.2847319317591723 0.0 3
15.67 2.2854612955229263 0.0 3
15.68 2.2861904265976327 0.0 3
15.69 2.2869193252058544 0.0 3
15.7 2.2876479915697985 0.0 3
15.71 2.28837642591132 0.0 3
15.72 2.2891046284519194 0.0 3
15.73 2.289832599412746 0.0 3
15.74 2.2905603390145974 0.0 3
15.75 2.29128784747792 0.0 3
15.76 2.2920151250228114 0.0 3
15.77 2.292742171869019 0.0 3
15.78 2.293468988235943 0.0 3
15.79 2.294195574342635 0.0 3
15.8 2.2949219304078006 0.0 3
15.81 2.2956480566497994 0.0 3
15.82 2.2963739532866447 0.0 3
15.83 2.297099620536007 0.0 3
15.84 2.2978250586152114 0.0 3
15.85 2.2985502677412417 0.0 3
15.86 2.299275248130738 0.0 3
15.87 2.3 0.0 3
15.88 2.3007245235649862 0.0 3
15.89 2.301448819041316 0.0 3
15.9 2.3021728866442674 0.0 3
15.91 2.3028967265887834 0.0 3
15.92 2.3036203390894663 0.0 3
15.93 2.3043437243605824 0.0 3
15.94 2.3050668826160625 0.0 3
15.95 2.3057898140695015 0.0 3
15.96 2.3065125189341593 0.0 3
15.97 2.3072349974229613 0.0 3
15.98 2.3079572497485015 0.0 3
15.99 2.3086792761230392 0.0 3
16.0 2.309401076758503 0.0 3
16.01 2.310122651866491 0.0 3
16.02 2.3108440016582685 0.0 3
16.03 2.3115651263447745 0.0 3
16.04 2.3122860261366167 0.0 3
16.05 2.313006701244076 0.0 3
16.06 2.3137271518771034 0.0 3
16.07 2.3144473782453265 0.0 3
16.08 2.315167380558045 0.0 3
16.09 2.315887159024233 0.0 3
16.1 2.316606713852541 0.0 3
16.11 2.3173260452512934 0.0 3
16.12 2.318045153428495 0.0 3
16.13 2.3187640385918242 0.0 3
16.14 2.3194827009486403 0.0 3
16.15 2.3202011407059806 0.0 3
16.16 2.3209193580705616 0.0 3
16.17 2.32163735324878 0.0 3
16.18 2.322355126446714 0.0 3
16.19 2.323072677870124 0.0 3
16.2 2.32379000772445 0.0 3
16.21 2.3245071162148188 0.0 3
16.22 2.325224003546038 0.0 3
16.23 2.3259406699226015 0.0 3
16.24 2.326657115548686 0.0 3
16.25 2.327373340628157 0.0 3
16.26 2.3280893453645635 0.0 3
16.27 2.3288051299611423 0.0 3
16.28 2.32952069462082 0.0 3
16.29 2.3302360395462087 0.0 3
16.3 2.330951164939612 0.0 3
16.31 2.3316660710030215 0.0 3
16.32 2.3323807579381204 0.0 3
16.33 2.333095225946282 0.0 3
16.34 2.333809475228573 0.0 3
16.35 2.3345235059857505 0.0 3
16.36 2.3352373184182658 0.0 3
16.37 2.3359509127262643 0.0 3
16.38 2.3366642891095846 0.0 3
16.39 2.337377447767761 0.0 3
16.4 2.338090388900024 0.0 3
16.41 2.3388031127052997 0.0 3
16.42 2.3395156193822118 0.0 3
16.43 2.34022790912908 0.0 3
16.44 2.340939982143925 0.0 3
16.45 2.3416518386244642 0.0 3
16.46 2.3423634787681156 0.0 3
16.47 2.3430749027719964 0.0 3
16.48 2.343786110832926 0.0 3
16.49 2.344497103147425 0.0 3
16.5 2.345207879911715 0.0 3
16.51 2.345918441321721 0.0 3
16.52 2.346628787573072 0.0 3
16.53 2.3473389188611007 0.0 3
16.54 2.348048835380843 0.0 3
16.55 2.348758537327042 0.0 3
16.56 2.349468024894146 0.0 3
16.57 2.3501772982763094 0.0 3
16.58 2.350886357667394 0.0 3
16.59 2.3515952032609695 0.0 3
16.6 2.3523038352503134 0.0 3
16.61 2.3530122538284126 0.0 3
16.62 2.353720459187964 0.0 3
16.63 2.3544284515213736 0.0 3
16.64 2.3551362310207593 0.0 3
16.65 2.355843797877949 0.0 3
16.66 2.356551152284485 0.0 3
16.67 2.3572582944316194 0.0 3
16.68 2.3579652245103193 0.0 3
16.69 2.3586719427112652 0.0 3
16.7 2.359378449224852 0.0 3
16.71 2.360084744241189 0.0 3
16.72 2.3607908279501033 0.0 3
16.73 2.361496700541135 0.0 3
16.74 2.362202362203543 0.0 3
16.75 2.362907813126304 0.0 3
16.76 2.3636130534981117 0.0 3
16.77 2.364318083507378 0.0 3
16.78 2.365022903342235 0.0 3
16.79 2.3657275131905338 0.0 3
16.8 2.3664319132398464 0.0 3
16.81 2.3671361036774656 0.0 3
16.82 2.3678400846904055 0.0 3
16.83 2.368543856465402 0.0 3
16.84 2.369247419188915 0.0 3
16.85 2.369950773047125 0.0 3
16.86 2.3706539182259396 0.0 3
16.87 2.3713568549109882 0.0 3
16.88 2.372059583287626 0.0 3
16.89 2.3727621035409343 0.0 3
16.9 2.37346441585572 0.0 3
16.91 2.374166520416516 0.0 3
16.92 2.3748684174075834 0.0 3
16.93 2.375570107012911 0.0 3
16.94 2.3762715894162154 0.0 3
16.95 2.3769728648009423 0.0 3
16.96 2.377673933350268 0.0 3
16.97 2.378374795247096 0.0 3
16.98 2.3790754506740637 0.0 3
16.99 2.379775899813538 0.0 3
17.0 2.3804761428476167 0.0 3
17.01 2.381176179958132 0.0 3
17.02 2.381876011326646 0.0 3
17.03 2.3825756371344577 0.0 3
17.04 2.3832750575625967 0.0 3
17.05 2.38397427279183 0.0 3
17.06 2.3846732830026562 0.0 3
17.07 2.3853720883753127 0.0 3
17.08 2.3860706890897707 0.0 3
17.09 2.3867690853257395 0.0 3
17.1 2.3874672772626644 0.0 3
17.11 2.388165265079729 0.0 3
17.12 2.3888630489558556 0.0 3
17.13 2.3895606290697042 0.0 3
17.14 2.3902580055996747 0.0 3
17.15 2.3909551787239063 0.0 3
17.16 2.3916521486202797 0.0 3
17.17 2.3923489154664153 0.0 3
17.18 2.3930454794396754 0.0 3
17.19 2.3937418407171647 0.0 3
17.2 2.3944379994757297 0.0 3
17.21 2.3951339558919598 0.0 3
17.22 2.3958297101421877 0.0 3
17.23 2.396525262402492 0.0 3
17.24 2.3972206128486935 0.0 3
17.25 2.3979157616563596 0.0 3
17.26 2.3986107090008026 0.0 3
17.27 2.399305455057081 0.0 3
17.28 2.4000000000000004 0.0 3
17.29 2.400694344004112 0.0 3
17.3 2.401388487243717 0.0 3
17.31 2.4020824298928627 0.0 3
17.32 2.4027761721253467 0.0 3
17.33 2.4034697141147143 0.0 3
17.34 2.4041630560342617 0.0 3
17.35 2.4048561980570344 0.0 3
17.36 2.4055491403558285 0.0 3
17.37 2.406241883103193 0.0 3
17.38 2.4069344264714263 0.0 3
17.39 2.40762677063258 0.0 3
17.4 2.4083189157584592 0.0 3
17.41 2.4090108620206205 0.0 3
17.42 2.4097026095903757 0.0 3
17.43 2.41039415863879 0.0 3
17.44 2.4110855093366834 0.0 3
17.45 2.411776661854631 0.0 3
17.46 2.4124676163629637 0.0 3
17.47 2.4131583730317687 0.0 3
17.48 2.4138489320308896 0.0 3
17.49 2.414539293529927 0.0 3
17.5 2.41522945769824 0.0 3
17.51 2.415919424704944 0.0 3
17.52 2.4166091947189146 0.0 3
17.53 2.4172987679087856 0.0 3
17.54 2.417988144442951 0.0 3
17.55 2.418677324489565 0.0 3
17.56 2.4193663082165404 0.0 3
17.57 2.420055095791554 0.0 3
17.58 2.420743687382041 0.0 3
17.59 2.4214320831552003 0.0 3
17.6 2.4221202832779936 0.0 3
17.61 2.4228082879171433 0.0 3
17.62 2.423496097239138 0.0 3
17.63 2.424183711410228 0.0 3
17.64 2.4248711305964283 0.0 3
17.65 2.425558354963519 0.0 3
17.66 2.426245384677046 0.0 3
17.67 2.4269322199023193 0.0 3
17.68 2.4276188608044165 0.0 3
17.69 2.4283053075481815 0.0 3
17.7 2.4289915602982237 0.0 3
17.71 2.429677619218923 0.0 3
17.72 2.4303634844744244 0.0 3
17.73 2.4310491562286436 0.0 3
17.74 2.4317346346452635 0.0 3
17.75 2.4324199198877374 0.0 3
17.76 2.433105012119288 0.0 3
17.77 2.4337899115029082 0.0 3
17.78 2.434474618201362 0.0 3
17.79 2.435159132377184 0.0 3
17.8 2.4358434541926814 0.0 3
17.81 2.4365275838099323 0.0 3
17.82 2.4372115213907883 0.0 3
17.83 2.4378952670968728 0.0 3
17.84 2.438578821089584 0.0 3
17.85 2.4392621835300936 0.0 3
17.86 2.4399453545793466 0.0 3
17.87 2.4406283343980637 0.0 3
17.88 2.4413111231467406 0.0 3
17.89 2.4419937209856486 0.0 3
17.9 2.442676128074835 0.0 3
17.91 2.4433583445741234 0.0 3
17.92 2.4440403706431146 0.0 3
17.93 2.4447222064411873 0.0 3
17.94 2.445403852127497 0.0 3
17.95 2.4460853078609777 0.0 3
17.96 2.4467665738003426 0.0 3
17.97 2.4474476501040834 0.0 3
17.98 2.448128536930472 0.0 3
17.99 2.4488092344375594 0.0 3
18.0 2.449489742783178 0.0 3
18.01 2.4501700621249403 0.0 3
18.02 2.4508501926202397 0.0 3
18.03 2.451530134426253 0.0 3
18.04 2.452209887699936 0.0 3
18.05 2.4528894525980305 0.0 3
18.06 2.453568829277059 0.0 3
18.07 2.454248017893329 0.0 3
18.08 2.454927018602929 0.0 3
18.09 2.455605831561735 0.0 3
18.1 2.4562844569254056 0.0 3
18.11 2.4569628948493842 0.0 3
18.12 2.4576411454889016 0.0 3
18.13 2.4583192089989723 0.0 3
18.14 2.4589970855343988 0.0 3
18.15 2.4596747752497685 0.0 3
18.16 2.460352278299458 0.0 3
18.17 2.4610295948376297 0.0 3
18.18 2.4617067250182343 0.0 3
18.19 2.4623836689950114 0.0 3
18.2 2.463060426921489 0.0 3
18.21 2.463736998950984 0.0 3
18.22 2.464413385236603 0.0 3
18.23 2.465089585931243 0.0 3
18.24 2.4657656011875906 0.0 3
18.25 2.4664414311581235 0.0 3
18.26 2.467117075995111 0.0 3
18.27 2.467792535850613 0.0 3
18.28 2.4684678108764824 0.0 3
18.29 2.4691429012243633 0.0 3
18.3 2.4698178070456938 0.0 3
18.31 2.470492528491704 0.0 3
18.32 2.4711670657134186 0.0 3
18.33 2.471841418861655 0.0 3
18.34 2.472515588087026 0.0 3
18.35 2.473189573539939 0.0 3
18.36 2.4738633753705965 0.0 3
18.37 2.474536993728995 0.0 3
18.38 2.4752104287649295 0.0 3
18.39 2.4758836806279896 0.0 3
18.4 2.4765567494675613 0.0 3
18.41 2.477229635432829 0.0 3
18.42 2.4779023386727737 0.0 3
18.43 2.478574859336174 0.0 3
18.44 2.479247197571607 0.0 3
18.45 2.479919353527449 0.0 3
18.46 2.480591327351874 0.0 3
18.47 2.481263119192857 0.0 3
18.48 2.4819347291981715 0.0 3
18.49 2.4826061575153906 0.0 3
18.5 2.48327740429189 0.0 3
18.51 2.483948469674844 0.0 3
18.52 2.4846193538112296 0.0 3
18.53 2.485290056847825 0.0 3
18.54 2.4859605789312105 0.0 3
18.55 2.4866309202077685 0.0 3
18.56 2.487301080823684 0.0 3
18.57 2.487971060924946 0.0 3
18.58 2.488640860657345 0.0 3
18.59 2.489310480166479 0.0 3
18.6 2.4899799195977463 0.0 3
18.61 2.4906491790963523 0.0 3
18.62 2.491318258807306 0.0 3
18.63 2.4919871588754225 0.0 3
18.64 2.4926558794453224 0.0 3
18.65 2.4933244206614322 0.0 3
18.66 2.493992782667985 0.0 3
18.67 2.4946609656090213 0.0 3
18.68 2.4953289696283867 0.0 3
18.69 2.495996794869737 0.0 3
18.7 2.496664441476534 0.0 3
18.71 2.4973319095920483 0.0 3
18.72 2.4979991993593593 0.0 3
18.73 2.498666310921355 0.0 3
18.74 2.4993332444207326 0.0 3
18.75 2.5 0.0 3
18.76 2.5006665778014736 0.0 3
18.77 2.501332977967281 0.0 3
18.78 2.5019992006393608 0.0 3
18.79 2.5026652459594616 0.0 3
18.8 2.503331114069145 0.0 3
18.81 2.5039968051097827 0.0 3
18.82 2.50466231922256 0.0 3
18.83 2.5053276565484737 0.0 3
18.84 2.5059928172283334 0.0 3
18.85 2.506657801402763 0.0 3
18.86 2.5073226092121983 0.0 3
18.87 2.5079872407968904 0.0 3
18.88 2.5086516962969037 0.0 3
18.89 2.5093159758521177 0.0 3
18.9 2.5099800796022267 0.0 3
18.91 2.51064400768674 0.0 3
18.92 2.511307760244982 0.0 3
18.93 2.511971337416094 0.0 3
18.94 2.512634739339034 0.0 3
18.95 2.5132979661525745 0.0 3
18.96 2.513961017995307 0.0 3
18.97 2.5146238950056397 0.0 3
18.98 2.5152865973217975 0.0 3
18.99 2.515949125081825 0.0 3
19.0 2.516611478423583 0.0 3
19.01 2.517273657484753 0.0 3
19.02 2.5179356624028344 0.0 3
19.03 2.5185974933151454 0.0 3
19.04 2.5192591503588244 0.0 3
19.05 2.5199206336708304 0.0 3
19.06 2.5205819433879415 0.0 3
19.07 2.5212430796467578 0.0 3
19.08 2.521904042583698 0.0 3
19.09 2.5225648323350054 0.0 3
19.1 2.5232254490367416 0.0 3
19.11 2.5238858928247927 0.0 3
19.12 2.524546163834865 0.0 3
19.13 2.525206262202489 0.0 3
19.14 2.5258661880630178 0.0 3
19.15 2.5265259415516264 0.0 3
19.16 2.5271855228033155 0.0 3
19.17 2.5278449319529077 0.0 3
19.18 2.5285041691350507 0.0 3
19.19 2.529163234484217 0.0 3
19.2 2.5298221281347035 0.0 3
19.21 2.530480850220632 0.0 3
19.22 2.5311394008759507 0.0 3
19.23 2.5317977802344327 0.0 3
19.24 2.5324559884296773 0.0 3
19.25 2.533114025595111 0.0 3
19.26 2.5337718918639855 0.0 3
19.27 2.5344295873693814 0.0 3
19.28 2.535087112244206 0.0 3
19.29 2.535744466621193 0.0 3
19.3 2.536401650632907 0.0 3
19.31 2.5370586644117368 0.0 3
19.32 2.5377155080899043 0.0 3
19.33 2.5383721817994562 0.0 3
19.34 2.5390286856722724 0.0 3
19.35 2.539685019840059 0.0 3
19.36 2.5403411844343533 0.0 3
19.37 2.5409971795865234 0.0 3
19.38 2.541653005427767 0.0 3
19.39 2.5423086620891127 0.0 3
19.4 2.54296414970142 0.0 3
19.41 2.543619468395381 0.0 3
19.42 2.5442746183015177 0.0 3
19.43 2.5449295995501853 0.0 3
19.44 2.545584412271571 0.0 3
19.45 2.5462390565956947 0.0 3
19.46 2.546893532652409 0.0 3
19.47 2.5475478405713994 0.0 3
19.48 2.548201980482186 0.0 3
19.49 2.548855952514121 0.0 3
19.5 2.5495097567963922 0.0 3
19.51 2.550163393458022 0.0 3
19.52 2.5508168626278653 0.0 3
19.53 2.551470164434615 0.0 3
19.54 2.552123299006796 0.0 3
19.55 2.5527762664727724 0.0 3
19.56 2.553429066960741 0.0 3
19.57 2.5540817005987364 0.0 3
19.58 2.5547341675146296 0.0 3
19.59 2.5553864678361276 0.0 3
19.6 2.5560386016907755 0.0 3
19.61 2.556690569205954 0.0 3
19.62 2.5573423705088842 0.0 3
19.63 2.5579940057266226 0.0 3
19.64 2.558645474986065 0.0 3
19.65 2.5592967784139455 0.0 3
19.66 2.559947916136837 0.0 3
19.67 2.560598888281151 0.0 3
19.68 2.5612496949731396 0.0 3
19.69 2.5619003363388932 0.0 3
19.7 2.562550812504343 0.0 3
19.71 2.563201123595259 0.0 3
19.72 2.563851269737255 0.0 3
19.73 2.5645012510557814 0.0 3
19.74 2.565151067676132 0.0 3
19.75 2.565800719723442 0.0 3
19.76 2.5664502073226876 0.0 3
19.77 2.567099530598687 0.0 3
19.78 2.567748689676101 0.0 3
19.79 2.568397684679432 0.0 3
19.8 2.569046515733026 0.0 3
19.81 2.569695182961071 0.0 3
19.82 2.5703436864876 0.0 3
19.83 2.570992026436488 0.0 3
19.84 2.5716402029314547 0.0 3
19.85 2.572288216096063 0.0 3
19.86 2.5729360660537215 0.0 3
19.87 2.573583752927682 0.0 3
19.88 2.5742312768410427 0.0 3
19.89 2.5748786379167465 0.0 3
19.9 2.575525836277581 0.0 3
19.91 2.5761728720461807 0.0 3
19.92 2.5768197453450252 0.0 3
19.93 2.577466456296441 0.0 3
19.94 2.578113005022601 0.0 3
19.95 2.578759391645525 0.0 3
19.96 2.5794056162870804 0.0 3
19.97 2.5800516790689807 0.0 3
19.98 2.5806975801127883 0.0 3
19.99 2.5813433195399123 0.0 3
20.0 2.581988897471611 0.0 3
