mu0 A1 A2 dim_unstable
0.0 0.0 0.0 0
0.01 0.0 0.03333333333333333 2
0.02 0.0 0.04714045207910317 2
0.03 0.0 0.05773502691896258 2
0.04 0.0 0.06666666666666667 2
0.05 0.0 0.07453559924999299 2
0.06 0.0 0.08164965809277261 2
0.07 0.0 0.08819171036881969 2
0.08 0.0 0.09428090415820634 2
0.09 0.0 0.09999999999999999 2
0.1 0.0 0.10540925533894598 2
0.11 0.0 0.11055415967851333 2
0.12 0.0 0.11547005383792516 2
0.13 0.0 0.1201850425154663 2
0.14 0.0 0.12472191289246473 2
0.15 0.0 0.12909944487358055 2
0.16 0.0 0.13333333333333333 2
0.17 0.0 0.13743685418725535 2
0.18 0.0 0.1414213562373095 2
0.19 0.0 0.1452966314513558 2
0.2 0.0 0.14907119849998599 2
0.21 0.0 0.15275252316519466 2
0.22 0.0 0.15634719199411432 2
0.23 0.0 0.15986105077709067 2
0.24 0.0 0.16329931618554522 2
0.25 0.0 0.16666666666666666 2
0.26 0.0 0.1699673171197595 2
0.27 0.0 0.17320508075688773 2
0.28 0.0 0.17638342073763938 2
0.29 0.0 0.17950549357115014 2
0.3 0.0 0.18257418583505536 2
0.31 0.0 0.1855921454276674 2
0.32 0.0 0.18856180831641267 2
0.33 0.0 0.19148542155126763 2
0.34 0.0 0.19436506316151 2
0.35 0.0 0.19720265943665388 2
0.36 0.0 0.19999999999999998 2
0.37 0.0 0.20275875100994065 2
0.38 0.0 0.20548046676563256 2
0.39 0.0 0.20816659994661327 2
0.4 0.0 0.21081851067789195 2
0.41 0.0 0.21343747458109497 2
0.42 0.0 0.21602468994692867 2
0.43 0.0 0.21858128414340003 2
0.44 0.0 0.22110831935702666 2
0.45 0.0 0.22360679774997896 2
0.46 0.0 0.22607766610417562 2
0.47 0.0 0.22852182001336813 2
0.48 0.0 0.23094010767585033 2
0.49 0.0 0.23333333333333334 2
0.5 0.0 0.23570226039551584 2
0.51 0.0 0.23804761428476165 2
0.52 0.0 0.2403700850309326 2
0.53 0.0 0.24267032964268395 2
0.54 0.0 0.24494897427831783 2
0.55 0.0 0.2472066162365221 2
0.56 0.0 0.24944382578492946 2
0.57 0.0 0.2516611478423583 2
0.58 0.0 0.2538591035287969 2
0.59 0.0 0.25603819159562025 2
0.6 0.0 0.2581988897471611 2
0.61 0.0 0.2603416558635552 2
0.62 0.0 0.26246692913372704 2
0.63 0.0 0.264575131106459 2
0.64 0.0 0.26666666666666666 2
0.65 0.0 0.268741924943285 2
0.66 0.0 0.27080128015453203 2
0.67 0.0 0.27284509239574833 2
0.68 0.0 0.2748737083745107 2
0.69 0.0 0.27688746209726917 2
0.7 0.0 0.27888667551135854 2
0.71 0.0 0.28087165910587863 2
0.72 0.0 0.282842712474619 2
0.73 0.0 0.2848001248439177 2
0.74 0.0 0.28674417556808757 2
0.75 0.0 0.28867513459481287 2
0.76 0.0 0.2905932629027116 2
0.77 0.0 0.2924988129130707 2
0.78 0.0 0.2943920288775949 2
0.79 0.0 0.29627314724385295 2
0.8 0.0 0.29814239699997197 2
0.81 0.0 0.30000000000000004 2
0.82 0.0 0.30184617127124724 2
0.83 0.0 0.30368111930480995 2
0.84 0.0 0.30550504633038933 2
0.85 0.0 0.3073181485764296 2
0.86 0.0 0.30912061651652345 2
0.87 0.0 0.3109126351029605 2
0.88 0.0 0.31269438398822863 2
0.89 0.0 0.31446603773522014 2
0.9 0.0 0.31622776601683794 2
0.91 0.0 0.31797973380564853 2
0.92 0.0 0.31972210155418135 2
0.93 0.0 0.32145502536643183 2
0.94 0.0 0.32317865716108857 2
0.95 0.0 0.32489314482696546 2
0.96 0.0 0.32659863237109044 2
0.97 0.0 0.32829526005987014 2
0.98 0.0 0.3299831645537222 2
0.99 0.0 0.33166247903553997 2
1.0 0.0 0.3333333333333333 2
1.01 0.0 0.334995854037363 2
1.02 0.0 0.33665016461206926 2
1.03 0.0 0.338296385503074 2
1.04 0.0 0.339934634239519 2
1.05 0.0 0.34156502553198664 2
1.06 0.0 0.34318767136623335 2
1.07 0.0 0.34480268109295337 2
1.08 0.0 0.34641016151377546 2
1.09 0.0 0.348010216963685 2
1.1 0.0 0.34960294939005054 2
1.11 0.0 0.3511884584284246 2
1.12 0.0 0.35276684147527876 2
1.13 0.0 0.3543381937578216 2
1.14 0.0 0.3559026084010437 2
1.15 0.0 0.35746017649212025 2
1.16 0.0 0.3590109871423003 2
1.17 0.0 0.36055512754639896 2
1.18 0.0 0.3620926830400072 2
1.19 0.0 0.3636237371545238 2
1.2 0.0 0.3651483716701107 2
1.21 0.0 0.3666666666666667 2
1.22 0.0 0.3681787005729087 2
1.23 0.0 0.3696845502136472 2
1.24 0.0 0.3711842908553348 2
1.25 0.0 0.37267799624996495 2
1.26 0.0 0.3741657386773941 2
1.27 0.0 0.3756475889861548 2
1.28 0.0 0.37712361663282534 2
1.29 0.0 0.37859388972001823 2
1.3 0.0 0.380058475033046 2
1.31 0.0 0.3815174380753199 2
1.32 0.0 0.38297084310253526 2
1.33 0.0 0.3844187531556932 2
1.34 0.0 0.38586123009300755 2
1.35 0.0 0.3872983346207417 2
1.36 0.0 0.38873012632302 2
1.37 0.0 0.3901566636906542 2
1.38 0.0 0.39157800414902433 2
1.39 0.0 0.3929942040850532 2
1.4 0.0 0.39440531887330776 2
1.41 0.0 0.3958114029012639 2
1.42 0.0 0.39721250959376614 2
1.43 0.0 0.39860869143671324 2
1.44 0.0 0.39999999999999997 2
1.45 0.0 0.4013864859597432 2
1.46 0.0 0.4027681991198191 2
1.47 0.0 0.40414518843273806 2
1.48 0.0 0.4055175020198813 2
1.49 0.0 0.40688518719112343 2
1.5 0.0 0.408248290463863 2
1.51 0.0 0.4096068575814836 2
1.52 0.0 0.4109609335312651 2
1.53 0.0 0.412310562561766 2
1.54 0.0 0.41365578819969523 2
1.55 0.0 0.4149966532662911 2
1.56 0.0 0.41633319989322654 2
1.57 0.0 0.4176654695380556 2
1.58 0.0 0.41899350299921784 2
1.59 0.0 0.42031734043061636 2
1.6 0.0 0.4216370213557839 2
1.61 0.0 0.4229525846816507 2
1.62 0.0 0.42426406871192857 2
1.63 0.0 0.4255715111601235 2
1.64 0.0 0.42687494916218993 2
1.65 0.0 0.4281744192888376 2
1.66 0.0 0.42946995755750417 2
1.67 0.0 0.43076159944400283 2
1.68 0.0 0.43204937989385733 2
1.69 0.0 0.4333333333333333 2
1.7 0.0 0.4346134936801766 2
1.71 0.0 0.43588989435406733 2
1.72 0.0 0.43716256828680006 2
1.73 0.0 0.43843154793219685 2
1.74 0.0 0.43969686527576396 2
1.75 0.0 0.44095855184409843 2
1.76 0.0 0.4422166387140533 2
1.77 0.0 0.443471156521669 2
1.78 0.0 0.4447221354708778 2
1.79 0.0 0.44596960534198843 2
1.8 0.0 0.4472135954999579 2
1.81 0.0 0.448454134902457 2
1.82 0.0 0.4496912521077347 2
1.83 0.0 0.4509249752822894 2
1.84 0.0 0.45215533220835125 2
1.85 0.0 0.45338235029118146 2
1.86 0.0 0.45460605656619524 2
1.87 0.0 0.45582647770591145 2
1.88 0.0 0.45704364002673625 2
1.89 0.0 0.45825756949558394 2
1.9 0.0 0.4594682917363407 2
1.91 0.0 0.46067583203617507 2
1.92 0.0 0.46188021535170065 2
1.93 0.0 0.46308146631499353 2
1.94 0.0 0.46427960923947065 2
1.95 0.0 0.4654746681256314 2
1.96 0.0 0.4666666666666667 2
1.97 0.0 0.46785562825394 2
1.98 0.0 0.469041575982343 2
1.99 0.0 0.4702245326555295 2
2.0 0.0 0.4714045207910317 2
2.01 0.0 0.4725815626252608 2
2.02 0.0 0.4737556801183965 2
2.03 0.0 0.4749268949591669 2
2.04 0.0 0.4760952285695233 2
2.05 0.0 0.4772607021092118 2
2.06 0.0 0.47842333648024415 2
2.07 0.0 0.4795831523312719 2
2.08 0.0 0.4807401700618652 2
2.09 0.0 0.4818944098266987 2
2.1 0.0 0.483045891539648 2
2.11 0.0 0.4841946348777983 2
2.12 0.0 0.4853406592853679 2
2.13 0.0 0.48648398397754744 2
2.14 0.0 0.4876246279442598 2
2.15 0.0 0.4887626099538393 2
2.16 0.0 0.48989794855663565 2
2.17 0.0 0.4910306620885412 2
2.18 0.0 0.4921607686744467 2
2.19 0.0 0.49328828623162474 2
2.2 0.0 0.4944132324730442 2
2.21 0.0 0.49553562491061687 2
2.22 0.0 0.496655480858378 2
2.23 0.0 0.49777281743560264 2
2.24 0.0 0.4988876515698589 2
2.25 0.0 0.5 2
2.26 0.0 0.5011098792790969 2
2.27 0.0 0.5022173057773122 2
2.28 0.0 0.5033222956847166 2
2.29 0.0 0.5044248650140518 2
2.3 0.0 0.5055250296034367 2
2.31 0.0 0.5066228051190221 2
2.32 0.0 0.5077182070575939 2
2.33 0.0 0.5088112507491249 2
2.34 0.0 0.5099019513592785 2
2.35 0.0 0.510990323891863 2
2.36 0.0 0.5120763831912405 2
2.37 0.0 0.5131601439446885 2
2.38 0.0 0.514241620684717 2
2.39 0.0 0.5153208277913436 2
2.4 0.0 0.5163977794943222 2
2.41 0.0 0.5174724898753341 2
2.42 0.0 0.5185449728701349 2
2.43 0.0 0.5196152422706632 2
2.44 0.0 0.5206833117271104 2
2.45 0.0 0.521749194749951 2
2.46 0.0 0.5228129047119374 2
2.47 0.0 0.523874454850057 2
2.48 0.0 0.5249338582674541 2
2.49 0.0 0.5259911279353168 2
2.5 0.0 0.5270462766947299 2
2.51 0.0 0.5280993172584952 2
2.52 0.0 0.529150262212918 2
2.53 0.0 0.5301991240195622 2
2.54 0.0 0.5312459150169743 2
2.55 0.0 0.5322906474223771 2
2.56 0.0 0.5333333333333333 2
2.57 0.0 0.5343739847293799 2
2.58 0.0 0.5354126134736337 2
2.59 0.0 0.5364492313143694 2
2.6 0.0 0.53748384988657 2
2.61 0.0 0.5385164807134504 2
2.62 0.0 0.5395471352079549 2
2.63 0.0 0.5405758246742285 2
2.64 0.0 0.5416025603090641 2
2.65 0.0 0.5426273532033234 2
2.66 0.0 0.5436502143433364 2
2.67 0.0 0.5446711546122731 2
2.68 0.0 0.5456901847914967 2
2.69 0.0 0.5467073155618909 2
2.7 0.0 0.5477225575051661 2
2.71 0.0 0.5487359211051442 2
2.72 0.0 0.5497474167490214 2
2.73 0.0 0.5507570547286103 2
2.74 0.0 0.5517648452415617 2
2.75 0.0 0.5527707983925667 2
2.76 0.0 0.5537749241945383 2
2.77 0.0 0.5547772325697746 2
2.78 0.0 0.5557777333511023 2
2.79 0.0 0.5567764362830022 2
2.8 0.0 0.5577733510227171 2
2.81 0.0 0.5587684871413403 2
2.82 0.0 0.5597618541248888 2
2.83 0.0 0.5607534613753574 2
2.84 0.0 0.5617433182117573 2
2.85 0.0 0.5627314338711378 2
2.86 0.0 0.563717817509592 2
2.87 0.0 0.5647024782032473 2
2.88 0.0 0.565685424949238 2
2.89 0.0 0.5666666666666667 2
2.9 0.0 0.5676462121975466 2
2.91 0.0 0.5686240703077328 2
2.92 0.0 0.5696002496878354 2
2.93 0.0 0.570574758954123 2
2.94 0.0 0.5715476066494082 2
2.95 0.0 0.5725188012439223 2
2.96 0.0 0.5734883511361751 2
2.97 0.0 0.5744562646538028 2
2.98 0.0 0.5754225500544023 2
2.99 0.0 0.5763872155263527 2
3.0 0.0 0.5773502691896257 2
3.01 0.0 0.5783117190965824 2
3.02 0.0 0.5792715732327589 2
3.03 0.0 0.5802298395176404 2
3.04 0.0 0.5811865258054232 2
3.05 0.0 0.5821416398857661 2
3.06 0.0 0.58309518948453 2
3.07 0.0 0.5840471822645077 2
3.08 0.0 0.5849976258261415 2
3.09 0.0 0.5859465277082315 2
3.1 0.0 0.5868938953886337 2
3.11 0.0 0.5878397362849466 2
3.12 0.0 0.5887840577551898 2
3.13 0.0 0.5897268670984711 2
3.14 0.0 0.590668171555645 2
3.15 0.0 0.5916079783099616 2
3.16 0.0 0.5925462944877059 2
3.17 0.0 0.5934831271588286 2
3.18 0.0 0.594418483337567 2
3.19 0.0 0.5953523699830584 2
3.2 0.0 0.5962847939999439 2
3.21 0.0 0.5972157622389639 2
3.22 0.0 0.5981452814975454 2
3.23 0.0 0.5990733585203809 2
3.24 0.0 0.6000000000000001 2
3.25 0.0 0.6009252125773316 2
3.26 0.0 0.6018490028422596 2
3.27 0.0 0.6027713773341709 2
3.28 0.0 0.6036923425424945 2
3.29 0.0 0.6046119049072352 2
3.3 0.0 0.6055300708194983 2
3.31 0.0 0.6064468466220084 2
3.32 0.0 0.6073622386096199 2
3.33 0.0 0.6082762530298219 2
3.34 0.0 0.6091888960832356 2
3.35 0.0 0.6101001739241042 2
3.36 0.0 0.6110100926607787 2
3.37 0.0 0.611918658356194 2
3.38 0.0 0.6128258770283411 2
3.39 0.0 0.6137317546507324 2
3.4 0.0 0.6146362971528592 2
3.41 0.0 0.6155395104206463 2
3.42 0.0 0.6164414002968976 2
3.43 0.0 0.6173419725817378 2
3.44 0.0 0.6182412330330469 2
3.45 0.0 0.6191391873668903 2
3.46 0.0 0.6200358412579425 2
3.47 0.0 0.6209312003399052 2
3.48 0.0 0.621825270205921 2
3.49 0.0 0.6227180564089801 2
3.5 0.0 0.6236095644623235 2
3.51 0.0 0.6244997998398398 2
3.52 0.0 0.6253887679764573 2
3.53 0.0 0.6262764742685312 2
3.54 0.0 0.6271629240742259 2
3.55 0.0 0.6280481227138924 2
3.56 0.0 0.6289320754704403 2
3.57 0.0 0.6298147875897061 2
3.58 0.0 0.6306962642808167 2
3.59 0.0 0.6315765107165472 2
3.6 0.0 0.6324555320336759 2
3.61 0.0 0.6333333333333333 2
3.62 0.0 0.6342099196813482 2
3.63 0.0 0.6350852961085883 2
3.64 0.0 0.6359594676112971 2
3.65 0.0 0.6368324391514266 2
3.66 0.0 0.6377042156569663 2
3.67 0.0 0.6385748020222672 2
3.68 0.0 0.6394442031083627 2
3.69 0.0 0.6403124237432849 2
3.7 0.0 0.6411794687223782 2
3.71 0.0 0.6420453428086074 2
3.72 0.0 0.6429100507328637 2
3.73 0.0 0.6437735971942655 2
3.74 0.0 0.6446359868604573 2
3.75 0.0 0.6454972243679028 2
3.76 0.0 0.6463573143221771 2
3.77 0.0 0.6472162612982533 2
3.78 0.0 0.648074069840786 2
3.79 0.0 0.6489307444643928 2
3.8 0.0 0.6497862896539309 2
3.81 0.0 0.6506407098647712 2
3.82 0.0 0.6514940095230688 2
3.83 0.0 0.6523461930260309 2
3.84 0.0 0.6531972647421809 2
3.85 0.0 0.6540472290116194 2
3.86 0.0 0.6548960901462834 2
3.87 0.0 0.6557438524302001 2
3.88 0.0 0.6565905201197403 2
3.89 0.0 0.6574360974438673 2
3.9 0.0 0.6582805886043833 2
3.91 0.0 0.6591239977761729 2
3.92 0.0 0.6599663291074443 2
3.93 0.0 0.660807586719967 2
3.94 0.0 0.6616477747093069 2
3.95 0.0 0.6624868971450597 2
3.96 0.0 0.6633249580710799 2
3.97 0.0 0.6641619615057093 2
3.98 0.0 0.6649979114420002 2
3.99 0.0 0.6658328118479393 2
4.0 0.0 0.6666666666666666 2
4.01 0.0 0.6674994798166928 2
4.02 0.0 0.668331255192114 2
4.03 0.0 0.6691619966628244 2
4.04 0.0 0.669991708074726 2
4.05 0.0 0.6708203932499369 2
4.06 0.0 0.6716480559869962 2
4.07 0.0 0.6724747000610671 2
4.08 0.0 0.6733003292241385 2
4.09 0.0 0.6741249472052229 2
4.1 0.0 0.6749485577105528 2
4.11 0.0 0.6757711644237764 2
4.12 0.0 0.676592771006148 2
4.13 0.0 0.6774133810967192 2
4.14 0.0 0.6782329983125268 2
4.15 0.0 0.6790516262487788 2
4.16 0.0 0.679869268479038 2
4.17 0.0 0.6806859285554046 2
4.18 0.0 0.6815016100086958 2
4.19 0.0 0.682316316348624 2
4.2 0.0 0.6831300510639733 2
4.21 0.0 0.6839428176227731 2
4.22 0.0 0.6847546194724712 2
4.23 0.0 0.6855654600401044 2
4.24 0.0 0.6863753427324667 2
4.25 0.0 0.6871842709362768 2
4.26 0.0 0.687992248018343 2
4.27 0.0 0.6887992773257274 2
4.28 0.0 0.6896053621859067 2
4.29 0.0 0.6904105059069326 2
4.3 0.0 0.6912147117775906 2
4.31 0.0 0.6920179830675565 2
4.32 0.0 0.6928203230275509 2
4.33 0.0 0.6936217348894937 2
4.34 0.0 0.6944222218666554 2
4.35 0.0 0.695221787153807 2
4.36 0.0 0.69602043392737 2
4.37 0.0 0.6968181653455624 2
4.38 0.0 0.697614984548545 2
4.39 0.0 0.6984108946585654 2
4.4 0.0 0.6992058987801011 2
4.41 0.0 0.7 2
4.42 0.0 0.7007932013876212 2
4.43 0.0 0.7015855059949729 2
4.44 0.0 0.7023769168568492 2
4.45 0.0 0.7031674369909663 2
4.46 0.0 0.7039570693980959 2
4.47 0.0 0.7047458170621992 2
4.48 0.0 0.7055336829505575 2
4.49 0.0 0.7063206700139031 2
4.5 0.0 0.7071067811865476 2
4.51 0.0 0.70789201938651 2
4.52 0.0 0.7086763875156432 2
4.53 0.0 0.7094598884597588 2
4.54 0.0 0.7102425250887505 2
4.55 0.0 0.711024300256718 2
4.56 0.0 0.7118052168020874 2
4.57 0.0 0.7125852775477317 2
4.58 0.0 0.7133644853010899 2
4.59 0.0 0.714142842854285 2
4.6 0.0 0.7149203529842405 2
4.61 0.0 0.7156970184527963 2
4.62 0.0 0.7164728420068226 2
4.63 0.0 0.7172478263783338 2
4.64 0.0 0.7180219742846006 2
4.65 0.0 0.7187952884282609 2
4.66 0.0 0.7195677714974301 2
4.67 0.0 0.7203394261658104 2
4.68 0.0 0.7211102550927979 2
4.69 0.0 0.7218802609235905 2
4.7 0.0 0.7226494462892933 2
4.71 0.0 0.7234178138070235 2
4.72 0.0 0.7241853660800144 2
4.73 0.0 0.7249521056977183 2
4.74 0.0 0.725718035235908 2
4.75 0.0 0.7264831572567789 2
4.76 0.0 0.7272474743090476 2
4.77 0.0 0.7280109889280517 2
4.78 0.0 0.7287737036358483 2
4.79 0.0 0.7295356209413096 2
4.8 0.0 0.7302967433402214 2
4.81 0.0 0.731057073315377 2
4.82 0.0 0.7318166133366716 2
4.83 0.0 0.732575365861197 2
4.84 0.0 0.7333333333333334 2
4.85 0.0 0.7340905181848413 2
4.86 0.0 0.7348469228349535 2
4.87 0.0 0.7356025496904637 2
4.88 0.0 0.7363574011458174 2
4.89 0.0 0.7371114795831993 2
4.9 0.0 0.7378647873726218 2
4.91 0.0 0.7386173268720113 2
4.92 0.0 0.7393691004272944 2
4.93 0.0 0.7401201103724838 2
4.94 0.0 0.7408703590297623 2
4.95 0.0 0.7416198487095663 2
4.96 0.0 0.7423685817106696 2
4.97 0.0 0.7431165603202651 2
4.98 0.0 0.7438637868140466 2
4.99 0.0 0.7446102634562892 2
5.0 0.0 0.7453559924999299 2
5.01 0.0 0.7461009761866464 2
5.02 0.0 0.7468452167469359 2
5.03 0.0 0.7475887164001934 2
5.04 0.0 0.7483314773547882 2
5.05 0.0 0.749073501808141 2
5.06 0.0 0.7498147919467995 2
5.07 0.0 0.7505553499465135 2
5.08 0.0 0.7512951779723096 2
5.09 0.0 0.7520342781785652 2
5.1 0.0 0.752772652709081 2
5.11 0.0 0.7535103036971543 2
5.12 0.0 0.7542472332656507 2
5.13 0.0 0.754983443527075 2
5.14 0.0 0.7557189365836423 2
5.15 0.0 0.7564537145273478 2
5.16 0.0 0.7571877794400365 2
5.17 0.0 0.7579211333934716 2
5.18 0.0 0.7586537784494027 2
5.19 0.0 0.7593857166596345 2
5.2 0.0 0.760116950066092 2
5.21 0.0 0.7608474807008885 2
5.22 0.0 0.7615773105863908 2
5.23 0.0 0.7623064417352848 2
5.24 0.0 0.7630348761506398 2
5.25 0.0 0.7637626158259734 2
5.26 0.0 0.7644896627453143 2
5.27 0.0 0.7652160188832664 2
5.28 0.0 0.7659416862050705 2
5.29 0.0 0.7666666666666666 2
5.3 0.0 0.7673909622147558 2
5.31 0.0 0.7681145747868608 2
5.32 0.0 0.7688375063113864 2
5.33 0.0 0.7695597587076797 2
5.34 0.0 0.7702813338860895 2
5.35 0.0 0.7710022337480251 2
5.36 0.0 0.7717224601860151 2
5.37 0.0 0.7724420150837645 2
5.38 0.0 0.7731609003162135 2
5.39 0.0 0.7738791177495933 2
5.4 0.0 0.7745966692414834 2
5.41 0.0 0.7753135566408671 2
5.42 0.0 0.7760297817881877 2
5.43 0.0 0.7767453465154028 2
5.44 0.0 0.77746025264604 2
5.45 0.0 0.7781745019952502 2
5.46 0.0 0.7788880963698616 2
5.47 0.0 0.7796010375684334 2
5.48 0.0 0.7803133273813084 2
5.49 0.0 0.7810249675906655 2
5.5 0.0 0.7817359599705717 2
5.51 0.0 0.7824463062870335 2
5.52 0.0 0.7831560082980487 2
5.53 0.0 0.7838650677536565 2
5.54 0.0 0.784573486395988 2
5.55 0.0 0.7852812659593164 2
5.56 0.0 0.7859884081701064 2
5.57 0.0 0.7866949147470631 2
5.58 0.0 0.7874007874011811 2
5.59 0.0 0.7881060278357926 2
5.6 0.0 0.7888106377466155 2
5.61 0.0 0.7895146188218007 2
5.62 0.0 0.7902179727419799 2
5.63 0.0 0.7909207011803114 2
5.64 0.0 0.7916228058025278 2
5.65 0.0 0.7923242882669809 2
5.66 0.0 0.7930251502246879 2
5.67 0.0 0.7937253933193772 2
5.68 0.0 0.7944250191875323 2
5.69 0.0 0.7951240294584375 2
5.7 0.0 0.7958224257542215 2
5.71 0.0 0.7965202096899013 2
5.72 0.0 0.7972173828734265 2
5.73 0.0 0.7979139469057216 2
5.74 0.0 0.7986099033807293 2
5.75 0.0 0.7993052538854533 2
5.76 0.0 0.7999999999999999 2
5.77 0.0 0.8006941432976208 2
5.78 0.0 0.8013876853447539 2
5.79 0.0 0.8020806277010643 2
5.8 0.0 0.8027729719194864 2
5.81 0.0 0.8034647195462633 2
5.82 0.0 0.8041558721209879 2
5.83 0.0 0.8048464311766425 2
5.84 0.0 0.8055363982396382 2
5.85 0.0 0.806225774829855 2
5.86 0.0 0.8069145624606803 2
5.87 0.0 0.8076027626390477 2
5.88 0.0 0.8082903768654761 2
5.89 0.0 0.8089774066341064 2
5.9 0.0 0.8096638534327413 2
5.91 0.0 0.8103497187428812 2
5.92 0.0 0.8110350040397626 2
5.93 0.0 0.8117197107923947 2
5.94 0.0 0.812403840463596 2
5.95 0.0 0.8130873945100312 2
5.96 0.0 0.8137703743822469 2
5.97 0.0 0.8144527815247078 2
5.98 0.0 0.8151346173758323 2
5.99 0.0 0.8158158833680278 2
6.0 0.0 0.816496580927726 2
6.01 0.0 0.8171767114754175 2
6.02 0.0 0.8178562764256864 2
6.03 0.0 0.8185352771872451 2
6.04 0.0 0.8192137151629671 2
6.05 0.0 0.8198915917499229 2
6.06 0.0 0.8205689083394114 2
6.07 0.0 0.8212456663169947 2
6.08 0.0 0.8219218670625302 2
6.09 0.0 0.8225975119502045 2
6.1 0.0 0.8232726023485646 2
6.11 0.0 0.8239471396205517 2
6.12 0.0 0.824621125123532 2
6.13 0.0 0.8252945602093298 2
6.14 0.0 0.8259674462242578 2
6.15 0.0 0.8266397845091497 2
6.16 0.0 0.8273115763993905 2
6.17 0.0 0.8279828232249481 2
6.18 0.0 0.8286535263104036 2
6.19 0.0 0.8293236869749819 2
6.2 0.0 0.8299933065325822 2
6.21 0.0 0.8306623862918076 2
6.22 0.0 0.831330927555995 2
6.23 0.0 0.8319989316232457 2
6.24 0.0 0.8326663997864531 2
6.25 0.0 0.8333333333333334 2
6.26 0.0 0.8339997335464535 2
6.27 0.0 0.8346656017032609 2
6.28 0.0 0.8353309390761112 2
6.29 0.0 0.8359957469322968 2
6.3 0.0 0.8366600265340756 2
6.31 0.0 0.837323779138698 2
6.32 0.0 0.8379870059984357 2
6.33 0.0 0.8386497083606083 2
6.34 0.0 0.8393118874676114 2
6.35 0.0 0.8399735445569435 2
6.36 0.0 0.8406346808612327 2
6.37 0.0 0.8412952976082642 2
6.38 0.0 0.8419553960210059 2
6.39 0.0 0.8426149773176358 2
6.4 0.0 0.8432740427115678 2
6.41 0.0 0.8439325934114775 2
6.42 0.0 0.8445906306213286 2
6.43 0.0 0.8452481555403978 2
6.44 0.0 0.8459051693633014 2
6.45 0.0 0.8465616732800196 2
6.46 0.0 0.8472176684759223 2
6.47 0.0 0.8478731561317936 2
6.48 0.0 0.8485281374238571 2
6.49 0.0 0.8491826135237998 2
6.5 0.0 0.8498365855987975 2
6.51 0.0 0.8504900548115382 2
6.52 0.0 0.851143022320247 2
6.53 0.0 0.8517954892787092 2
6.54 0.0 0.8524474568362947 2
6.55 0.0 0.8530989261379818 2
6.56 0.0 0.8537498983243799 2
6.57 0.0 0.8544003745317531 2
6.58 0.0 0.8550503558920439 2
6.59 0.0 0.8556998435328957 2
6.6 0.0 0.8563488385776752 2
6.61 0.0 0.856997342145496 2
6.62 0.0 0.8576453553512404 2
6.63 0.0 0.8582928793055822 2
6.64 0.0 0.8589399151150083 2
6.65 0.0 0.8595864638818418 2
6.66 0.0 0.8602325267042626 2
6.67 0.0 0.8608781046763305 2
6.68 0.0 0.8615231988880057 2
6.69 0.0 0.8621678104251708 2
6.7 0.0 0.8628119403696524 2
6.71 0.0 0.8634555897992412 2
6.72 0.0 0.8640987597877147 2
6.73 0.0 0.8647414514048566 2
6.74 0.0 0.865383665716478 2
6.75 0.0 0.8660254037844386 2
6.76 0.0 0.8666666666666666 2
6.77 0.0 0.8673074554171791 2
6.78 0.0 0.8679477710861025 2
6.79 0.0 0.8685876147196923 2
6.8 0.0 0.8692269873603532 2
6.81 0.0 0.8698658900466593 2
6.82 0.0 0.8705043238133731 2
6.83 0.0 0.8711422896914653 2
6.84 0.0 0.8717797887081347 2
6.85 0.0 0.8724168218868267 2
6.86 0.0 0.873053390247253 2
6.87 0.0 0.8736894948054105 2
6.88 0.0 0.8743251365736001 2
6.89 0.0 0.8749603165604458 2
6.9 0.0 0.8755950357709131 2
6.91 0.0 0.8762292952063278 2
6.92 0.0 0.8768630958643937 2
6.93 0.0 0.8774964387392122 2
6.94 0.0 0.8781293248212994 2
6.95 0.0 0.8787617550976046 2
6.96 0.0 0.8793937305515279 2
6.97 0.0 0.880025252162939 2
6.98 0.0 0.8806563209081938 2
6.99 0.0 0.8812869377601524 2
7.0 0.0 0.8819171036881969 2
7.01 0.0 0.8825468196582484 2
7.02 0.0 0.8831760866327847 2
7.03 0.0 0.8838049055708569 2
7.04 0.0 0.8844332774281066 2
7.05 0.0 0.8850612031567836 2
7.06 0.0 0.8856886837057615 2
7.07 0.0 0.8863157200205554 2
7.08 0.0 0.886942313043338 2
7.09 0.0 0.8875684637129565 2
7.1 0.0 0.8881941729649485 2
7.11 0.0 0.8888194417315589 2
7.12 0.0 0.8894442709417556 2
7.13 0.0 0.890068661521246 2
7.14 0.0 0.8906926143924925 2
7.15 0.0 0.8913161304747292 2
7.16 0.0 0.8919392106839769 2
7.17 0.0 0.8925618559330589 2
7.18 0.0 0.8931840671316175 2
7.19 0.0 0.8938058451861282 2
7.2 0.0 0.8944271909999159 2
7.21 0.0 0.8950481054731702 2
7.22 0.0 0.8956685895029602 2
7.23 0.0 0.8962886439832503 2
7.24 0.0 0.896908269804914 2
7.25 0.0 0.8975274678557507 2
7.26 0.0 0.8981462390204987 2
7.27 0.0 0.8987645841808508 2
7.28 0.0 0.8993825042154694 2
7.29 0.0 0.9 2
7.3 0.0 0.9006170724070864 2
7.31 0.0 0.901233722306385 2
7.32 0.0 0.9018499505645788 2
7.33 0.0 0.9024657580453922 2
7.34 0.0 0.9030811456096044 2
7.35 0.0 0.9036961141150639 2
7.36 0.0 0.9043106644167025 2
7.37 0.0 0.9049247973665485 2
7.38 0.0 0.9055385138137417 2
7.39 0.0 0.9061518146045457 2
7.4 0.0 0.9067647005823629 2
7.41 0.0 0.9073771725877466 2
7.42 0.0 0.9079892314584157 2
7.43 0.0 0.9086008780292674 2
7.44 0.0 0.9092121131323905 2
7.45 0.0 0.9098229375970787 2
7.46 0.0 0.9104333522498442 2
7.47 0.0 0.9110433579144299 2
7.48 0.0 0.9116529554118229 2
7.49 0.0 0.9122621455602672 2
7.5 0.0 0.9128709291752769 2
7.51 0.0 0.9134793070696481 2
7.52 0.0 0.9140872800534725 2
7.53 0.0 0.9146948489341495 2
7.54 0.0 0.9153020145163987 2
7.55 0.0 0.9159087776022724 2
7.56 0.0 0.9165151389911679 2
7.57 0.0 0.9171210994798402 2
7.58 0.0 0.9177266598624136 2
7.59 0.0 0.9183318209303941 2
7.6 0.0 0.9189365834726814 2
7.61 0.0 0.9195409482755815 2
7.62 0.0 0.9201449161228175 2
7.63 0.0 0.9207484877955423 2
7.64 0.0 0.9213516640723501 2
7.65 0.0 0.9219544457292888 2
7.66 0.0 0.9225568335398698 2
7.67 0.0 0.9231588282750819 2
7.68 0.0 0.9237604307034013 2
7.69 0.0 0.9243616415908033 2
7.7 0.0 0.9249624617007738 2
7.71 0.0 0.9255628917943214 2
7.72 0.0 0.9261629326299871 2
7.73 0.0 0.9267625849638563 2
7.74 0.0 0.9273618495495703 2
7.75 0.0 0.927960727138337 2
7.76 0.0 0.9285592184789413 2
7.77 0.0 0.9291573243177569 2
7.78 0.0 0.9297550453987569 2
7.79 0.0 0.9303523824635241 2
7.8 0.0 0.9309493362512627 2
7.81 0.0 0.931545907498808 2
7.82 0.0 0.9321420969406375 2
7.83 0.0 0.9327379053088815 2
7.84 0.0 0.9333333333333333 2
7.85 0.0 0.93392838174146 2
7.86 0.0 0.9345230512584125 2
7.87 0.0 0.9351173426070358 2
7.88 0.0 0.93571125650788 2
7.89 0.0 0.9363047936792093 2
7.9 0.0 0.9368979548370131 2
7.91 0.0 0.9374907406950155 2
7.92 0.0 0.938083151964686 2
7.93 0.0 0.9386751893552483 2
7.94 0.0 0.9392668535736914 2
7.95 0.0 0.939858145324779 2
7.96 0.0 0.940449065311059 2
7.97 0.0 0.9410396142328736 2
7.98 0.0 0.941629792788369 2
7.99 0.0 0.9422196016735046 2
8.0 0.0 0.9428090415820634 2
8.01 0.0 0.9433981132056604 2
8.02 0.0 0.943986817233753 2
8.03 0.0 0.9445751543536502 2
8.04 0.0 0.9451631252505216 2
8.05 0.0 0.9457507306074072 2
8.06 0.0 0.9463379711052261 2
8.07 0.0 0.946924847422786 2
8.08 0.0 0.947511360236793 2
8.09 0.0 0.9480975102218595 2
8.1 0.0 0.9486832980505138 2
8.11 0.0 0.9492687243932094 2
8.12 0.0 0.9498537899183338 2
8.13 0.0 0.9504384952922168 2
8.14 0.0 0.9510228411791404 2
8.15 0.0 0.9516068282413466 2
8.16 0.0 0.9521904571390466 2
8.17 0.0 0.9527737285304302 2
8.18 0.0 0.9533566430716728 2
8.19 0.0 0.9539392014169457 2
8.2 0.0 0.9545214042184236 2
8.21 0.0 0.9551032521262937 2
8.22 0.0 0.9556847457887634 2
8.23 0.0 0.9562658858520702 2
8.24 0.0 0.9568466729604883 2
8.25 0.0 0.9574271077563381 2
8.26 0.0 0.9580071908799943 2
8.27 0.0 0.9585869229698936 2
8.28 0.0 0.9591663046625438 2
8.29 0.0 0.9597453365925311 2
8.3 0.0 0.960324019392529 2
8.31 0.0 0.960902353693305 2
8.32 0.0 0.9614803401237304 2
8.33 0.0 0.9620579793107875 2
8.34 0.0 0.9626352718795768 2
8.35 0.0 0.9632122184533259 2
8.36 0.0 0.9637888196533974 2
8.37 0.0 0.9643650760992954 2
8.38 0.0 0.9649409884086753 2
8.39 0.0 0.9655165571973493 2
8.4 0.0 0.966091783079296 2
8.41 0.0 0.9666666666666667 2
8.42 0.0 0.9672412085697939 2
8.43 0.0 0.9678154093971985 2
8.44 0.0 0.9683892697555966 2
8.45 0.0 0.9689627902499088 2
8.46 0.0 0.9695359714832659 2
8.47 0.0 0.9701088140570165 2
8.48 0.0 0.9706813185707358 2
8.49 0.0 0.971253485622231 2
8.5 0.0 0.97182531580755 2
8.51 0.0 0.9723968097209881 2
8.52 0.0 0.9729679679550949 2
8.53 0.0 0.9735387911006822 2
8.54 0.0 0.9741092797468304 2
8.55 0.0 0.9746794344808964 2
8.56 0.0 0.9752492558885196 2
8.57 0.0 0.9758187445536298 2
8.58 0.0 0.976387901058454 2
8.59 0.0 0.976956725983523 2
8.6 0.0 0.9775252199076786 2
8.61 0.0 0.9780933834080806 2
8.62 0.0 0.9786612170602133 2
8.63 0.0 0.9792287214378921 2
8.64 0.0 0.9797958971132713 2
8.65 0.0 0.9803627446568496 2
8.66 0.0 0.9809292646374774 2
8.67 0.0 0.9814954576223638 2
8.68 0.0 0.9820613241770824 2
8.69 0.0 0.9826268648655783 2
8.7 0.0 0.983192080250175 2
8.71 0.0 0.9837569708915805 2
8.72 0.0 0.9843215373488934 2
8.73 0.0 0.9848857801796105 2
8.74 0.0 0.9854496999396322 2
8.75 0.0 0.9860132971832694 2
8.76 0.0 0.9865765724632495 2
8.77 0.0 0.9871395263307231 2
8.78 0.0 0.9877021593352702 2
8.79 0.0 0.9882644720249061 2
8.8 0.0 0.9888264649460884 2
8.81 0.0 0.989388138643722 2
8.82 0.0 0.9899494936611666 2
8.83 0.0 0.9905105305402416 2
8.84 0.0 0.9910712498212337 2
8.85 0.0 0.991631652042901 2
8.86 0.0 0.992191737742481 2
8.87 0.0 0.9927515074556953 2
8.88 0.0 0.993310961716756 2
8.89 0.0 0.9938701010583716 2
8.9 0.0 0.9944289260117533 2
8.91 0.0 0.99498743710662 2
8.92 0.0 0.9955456348712053 2
8.93 0.0 0.9961035198322623 2
8.94 0.0 0.9966610925150702 2
8.95 0.0 0.9972183534434395 2
8.96 0.0 0.9977753031397179 2
8.97 0.0 0.9983319421247958 2
8.98 0.0 0.9988882709181132 2
8.99 0.0 0.9994442900376633 2
9.0 0.0 1.0 2
9.01 0.0 1.0005554013202422 2
9.02 0.0 1.0011104945120803 2
9.03 0.0 1.0016652800877812 2
9.04 0.0 1.0022197585581938 2
9.05 0.0 1.002773930432755 2
9.06 0.0 1.0033277962194942 2
9.07 0.0 1.0038813564250397 2
9.08 0.0 1.0044346115546243 2
9.09 0.0 1.004987562112089 2
9.1 0.0 1.0055402085998904 2
9.11 0.0 1.0060925515191046 2
9.12 0.0 1.0066445913694333 2
9.13 0.0 1.0071963286492085 2
9.14 0.0 1.0077477638553982 2
9.15 0.0 1.0082988974836116 2
9.16 0.0 1.0088497300281036 2
9.17 0.0 1.0094002619817815 2
9.18 0.0 1.0099504938362078 2
9.19 0.0 1.010500426081608 2
9.2 0.0 1.0110500592068734 2
9.21 0.0 1.011599393699568 2
9.22 0.0 1.0121484300459318 2
9.23 0.0 1.0126971687308874 2
9.24 0.0 1.0132456102380443 2
9.25 0.0 1.0137937550497031 2
9.26 0.0 1.0143416036468627 2
9.27 0.0 1.014889156509222 2
9.28 0.0 1.0154364141151877 2
9.29 0.0 1.0159833769418778 2
9.3 0.0 1.0165300454651272 2
9.31 0.0 1.0170764201594906 2
9.32 0.0 1.0176225014982498 2
9.33 0.0 1.0181682899534177 2
9.34 0.0 1.0187137859957418 2
9.35 0.0 1.0192589900947102 2
9.36 0.0 1.019803902718557 2
9.37 0.0 1.0203485243342645 2
9.38 0.0 1.0208928554075702 2
9.39 0.0 1.021436896402971 2
9.4 0.0 1.021980647783726 2
9.41 0.0 1.0225241100118645 2
9.42 0.0 1.023067283548187 2
9.43 0.0 1.0236101688522725 2
9.44 0.0 1.024152766382481 2
9.45 0.0 1.02469507659596 2
9.46 0.0 1.0252370999486466 2
9.47 0.0 1.0257788368952745 2
9.48 0.0 1.026320287889377 2
9.49 0.0 1.0268614533832907 2
9.5 0.0 1.0274023338281628 2
9.51 0.0 1.0279429296739515 2
9.52 0.0 1.028483241369434 2
9.53 0.0 1.0290232693622088 2
9.54 0.0 1.0295630140987 2
9.55 0.0 1.0301024760241628 2
9.56 0.0 1.0306416555826872 2
9.57 0.0 1.0311805532172014 2
9.58 0.0 1.0317191693694774 2
9.59 0.0 1.0322575044801348 2
9.6 0.0 1.0327955589886444 2
9.61 0.0 1.0333333333333332 2
9.62 0.0 1.0338708279513882 2
9.63 0.0 1.03440804327886 2
9.64 0.0 1.0349449797506682 2
9.65 0.0 1.0354816378006046 2
9.66 0.0 1.0360180178613367 2
9.67 0.0 1.0365541203644142 2
9.68 0.0 1.0370899457402698 2
9.69 0.0 1.0376254944182253 2
9.7 0.0 1.0381607668264958 2
9.71 0.0 1.0386957633921923 2
9.72 0.0 1.0392304845413265 2
9.73 0.0 1.0397649306988148 2
9.74 0.0 1.0402991022884822 2
9.75 0.0 1.0408329997330663 2
9.76 0.0 1.0413666234542207 2
9.77 0.0 1.0418999738725188 2
9.78 0.0 1.0424330514074593 2
9.79 0.0 1.0429658564774675 2
9.8 0.0 1.043498389499902 2
9.81 0.0 1.044030650891055 2
9.82 0.0 1.04456264106616 2
9.83 0.0 1.0450943604393923 2
9.84 0.0 1.0456258094238748 2
9.85 0.0 1.046156988431681 2
9.86 0.0 1.0466878978738388 2
9.87 0.0 1.0472185381603338 2
9.88 0.0 1.047748909700114 2
9.89 0.0 1.0482790129010926 2
9.9 0.0 1.0488088481701516 2
9.91 0.0 1.0493384159131462 2
9.92 0.0 1.0498677165349082 2
9.93 0.0 1.0503967504392488 2
9.94 0.0 1.050925518028963 2
9.95 0.0 1.0514540197058337 2
9.96 0.0 1.0519822558706335 2
9.97 0.0 1.0525102269231297 2
9.98 0.0 1.0530379332620876 2
9.99 0.0 1.0535653752852738 2
10.0 0.0 1.0540925533894598 2
10.01 0.0 1.054619467970425 2
10.02 0.0 1.055146119422961 2
10.03 0.0 1.0556725081408742 2
10.04 0.0 1.0561986345169905 2
10.05 0.0 1.0567244989431572 2
10.06 0.0 1.0572501018102471 2
10.07 0.0 1.057775443508162 2
10.08 0.0 1.058300524425836 2
10.09 0.0 1.0588253449512395 2
10.1 0.0 1.0593499054713802 2
10.11 0.0 1.0598742063723097 2
10.12 0.0 1.0603982480391243 2
10.13 0.0 1.06092203085597 2
10.14 0.0 1.0614455552060438 2
10.15 0.0 1.0619688214715994 2
10.16 0.0 1.0624918300339485 2
10.17 0.0 1.063014581273465 2
10.18 0.0 1.0635370755695879 2
10.19 0.0 1.0640593133008245 2
10.2 0.0 1.0645812948447542 2
10.21 0.0 1.0651030205780305 2
10.22 0.0 1.0656244908763854 2
10.23 0.0 1.0661457061146318 2
10.24 0.0 1.0666666666666667 2
10.25 0.0 1.0671873729054748 2
10.26 0.0 1.0677078252031311 2
10.27 0.0 1.0682280239308042 2
10.28 0.0 1.0687479694587598 2
10.29 0.0 1.0692676621563626 2
10.3 0.0 1.0697871023920809 2
10.31 0.0 1.0703062905334881 2
10.32 0.0 1.0708252269472673 2
10.33 0.0 1.0713439119992132 2
10.34 0.0 1.0718623460542351 2
10.35 0.0 1.0723805294763609 2
10.36 0.0 1.0728984626287388 2
10.37 0.0 1.0734161458736413 2
10.38 0.0 1.0739335795724674 2
10.39 0.0 1.0744507640857466 2
10.4 0.0 1.07496769977314 2
10.41 0.0 1.0754843869934452 2
10.42 0.0 1.0760008261045981 2
10.43 0.0 1.0765170174636762 2
10.44 0.0 1.0770329614269007 2
10.45 0.0 1.0775486583496408 2
10.46 0.0 1.0780641085864153 2
10.47 0.0 1.0785793124908958 2
10.48 0.0 1.0790942704159099 2
10.49 0.0 1.0796089827134432 2
10.5 0.0 1.0801234497346435 2
10.51 0.0 1.0806376718298218 2
10.52 0.0 1.081151649348457 2
10.53 0.0 1.0816653826391966 2
10.54 0.0 1.0821788720498617 2
10.55 0.0 1.0826921179274476 2
10.56 0.0 1.0832051206181281 2
10.57 0.0 1.0837178804672571 2
10.58 0.0 1.0842303978193728 2
10.59 0.0 1.0847426730181986 2
10.6 0.0 1.085254706406647 2
10.61 0.0 1.085766498326822 2
10.62 0.0 1.0862780491200215 2
10.63 0.0 1.0867893591267404 2
10.64 0.0 1.0873004286866728 2
10.65 0.0 1.0878112581387147 2
10.66 0.0 1.088321847820967 2
10.67 0.0 1.0888321980707383 2
10.68 0.0 1.0893423092245462 2
10.69 0.0 1.0898521816181208 2
10.7 0.0 1.0903618155864083 2
10.71 0.0 1.0908712114635715 2
10.72 0.0 1.0913803695829933 2
10.73 0.0 1.09188929027728 2
10.74 0.0 1.0923979738782625 2
10.75 0.0 1.092906420717 2
10.76 0.0 1.0934146311237818 2
10.77 0.0 1.0939226054281292 2
10.78 0.0 1.0944303439588003 2
10.79 0.0 1.0949378470437894 2
10.8 0.0 1.0954451150103321 2
10.81 0.0 1.0959521481849064 2
10.82 0.0 1.096458946893235 2
10.83 0.0 1.096965511460289 2
10.84 0.0 1.0974718422102885 2
10.85 0.0 1.0979779394667069 2
10.86 0.0 1.098483803552272 2
10.87 0.0 1.098989434788969 2
10.88 0.0 1.0994948334980428 2
10.89 0.0 1.1 2
10.9 0.0 1.1005049346146119 2
10.91 0.0 1.1010096376609162 2
10.92 0.0 1.1015141094572205 2
10.93 0.0 1.1020183503211025 2
10.94 0.0 1.1025223605694152 2
10.95 0.0 1.1030261405182864 2
10.96 0.0 1.1035296904831233 2
10.97 0.0 1.104033010778613 2
10.98 0.0 1.104536101718726 2
10.99 0.0 1.1050389636167184 2
11.0 0.0 1.1055415967851334 2
11.01 0.0 1.106044001535804 2
11.02 0.0 1.1065461781798556 2
11.03 0.0 1.1070481270277077 2
11.04 0.0 1.1075498483890767 2
11.05 0.0 1.1080513425729774 2
11.06 0.0 1.108552609887726 2
11.07 0.0 1.1090536506409416 2
11.08 0.0 1.1095544651395493 2
11.09 0.0 1.1100550536897809 2
11.1 0.0 1.1105554165971787 2
11.11 0.0 1.1110555541665972 2
11.12 0.0 1.1115554667022045 2
11.13 0.0 1.112055154507485 2
11.14 0.0 1.1125546178852426 2
11.15 0.0 1.1130538571376 2
11.16 0.0 1.1135528725660044 2
11.17 0.0 1.1140516644712268 2
11.18 0.0 1.1145502331533659 2
11.19 0.0 1.1150485789118487 2
11.2 0.0 1.1155467020454342 2
11.21 0.0 1.116044602852214 2
11.22 0.0 1.116542281629615 2
11.23 0.0 1.1170397386744026 2
11.24 0.0 1.1175369742826806 2
11.25 0.0 1.118033988749895 2
11.26 0.0 1.1185307823708344 2
11.27 0.0 1.1190273554396346 2
11.28 0.0 1.1195237082497775 2
11.29 0.0 1.120019841094096 2
11.3 0.0 1.1205157542647741 2
11.31 0.0 1.1210114480533493 2
11.32 0.0 1.1215069227507148 2
11.33 0.0 1.1220021786471224 2
11.34 0.0 1.1224972160321824 2
11.35 0.0 1.1229920351948677 2
11.36 0.0 1.1234866364235145 2
11.37 0.0 1.1239810200058244 2
11.38 0.0 1.1244751862288667 2
11.39 0.0 1.1249691353790803 2
11.4 0.0 1.1254628677422756 2
11.41 0.0 1.1259563836036357 2
11.42 0.0 1.1264496832477202 2
11.43 0.0 1.1269427669584644 2
11.44 0.0 1.127435635019184 2
11.45 0.0 1.1279282877125754 2
11.46 0.0 1.1284207253207172 2
11.47 0.0 1.1289129481250733 2
11.48 0.0 1.1294049564064945 2
11.49 0.0 1.1298967504452195 2
11.5 0.0 1.130388330520878 2
11.51 0.0 1.1308796969124917 2
11.52 0.0 1.131370849898476 2
11.53 0.0 1.131861789756643 2
11.54 0.0 1.132352516764202 2
11.55 0.0 1.132843031197762 2
11.56 0.0 1.1333333333333333 2
11.57 0.0 1.13382342344633 2
11.58 0.0 1.1343133018115703 2
11.59 0.0 1.1348029687032801 2
11.6 0.0 1.1352924243950933 2
11.61 0.0 1.1357816691600546 2
11.62 0.0 1.1362707032706207 2
11.63 0.0 1.1367595269986621 2
11.64 0.0 1.1372481406154655 2
11.65 0.0 1.1377365443917342 2
11.66 0.0 1.1382247385975914 2
11.67 0.0 1.1387127235025816 2
11.68 0.0 1.1392004993756708 2
11.69 0.0 1.1396880664852505 2
11.7 0.0 1.140175425099138 2
11.71 0.0 1.1406625754845783 2
11.72 0.0 1.141149517908246 2
11.73 0.0 1.1416362526362474 2
11.74 0.0 1.142122779934121 2
11.75 0.0 1.1426091000668408 2
11.76 0.0 1.1430952132988164 2
11.77 0.0 1.143581119893896 2
11.78 0.0 1.1440668201153676 2
11.79 0.0 1.1445523142259597 2
11.8 0.0 1.1450376024878446 2
11.81 0.0 1.145522685162639 2
11.82 0.0 1.1460075625114057 2
11.83 0.0 1.146492234794656 2
11.84 0.0 1.1469767022723503 2
11.85 0.0 1.1474609652039003 2
11.86 0.0 1.147945023848171 2
11.87 0.0 1.148428878463481 2
11.88 0.0 1.1489125293076057 2
11.89 0.0 1.149395976637778 2
11.9 0.0 1.1498792207106894 2
11.91 0.0 1.1503622617824931 2
11.92 0.0 1.1508451001088047 2
11.93 0.0 1.151327735944703 2
11.94 0.0 1.1518101695447331 2
11.95 0.0 1.152292401162907 2
11.96 0.0 1.1527744310527055 2
11.97 0.0 1.1532562594670797 2
11.98 0.0 1.153737886658452 2
11.99 0.0 1.154219312878719 2
12.0 0.0 1.1547005383792515 2
12.01 0.0 1.155181563410897 2
12.02 0.0 1.155662388223981 2
12.03 0.0 1.1561430130683084 2
12.04 0.0 1.1566234381931648 2
12.05 0.0 1.1571036638473189 2
12.06 0.0 1.1575836902790226 2
12.07 0.0 1.158063517736014 2
12.08 0.0 1.1585431464655178 2
12.09 0.0 1.1590225767142472 2
12.1 0.0 1.1595018087284057 2
12.11 0.0 1.1599808427536877 2
12.12 0.0 1.1604596790352808 2
12.13 0.0 1.1609383178178665 2
12.14 0.0 1.161416759345623 2
12.15 0.0 1.161895003862225 2
12.16 0.0 1.1623730516108464 2
12.17 0.0 1.1628509028341605 2
12.18 0.0 1.1633285577743433 2
12.19 0.0 1.1638060166730726 2
12.2 0.0 1.1642832797715321 2
12.21 0.0 1.16476034731041 2
12.22 0.0 1.1652372195299023 2
12.23 0.0 1.1657138966697143 2
12.24 0.0 1.16619037896906 2
12.25 0.0 1.1666666666666667 2
12.26 0.0 1.167142760000773 2
12.27 0.0 1.1676186592091329 2
12.28 0.0 1.1680943645290154 2
12.29 0.0 1.168569876197207 2
12.3 0.0 1.1690451944500122 2
12.31 0.0 1.1695203195232555 2
12.32 0.0 1.169995251652283 2
12.33 0.0 1.1704699910719625 2
12.34 0.0 1.1709445380166865 2
12.35 0.0 1.171418892720372 2
12.36 0.0 1.171893055416463 2
12.37 0.0 1.1723670263379316 2
12.38 0.0 1.1728408057172788 2
12.39 0.0 1.173314393786536 2
12.4 0.0 1.1737877907772674 2
12.41 0.0 1.174260996920569 2
12.42 0.0 1.174734012447073 2
12.43 0.0 1.1752068375869462 2
12.44 0.0 1.1756794725698931 2
12.45 0.0 1.1761519176251567 2
12.46 0.0 1.1766241729815194 2
12.47 0.0 1.177096238867305 2
12.48 0.0 1.1775681155103797 2
12.49 0.0 1.1780398031381527 2
12.5 0.0 1.1785113019775793 2
12.51 0.0 1.1789826122551597 2
12.52 0.0 1.1794537341969422 2
12.53 0.0 1.1799246680285238 2
12.54 0.0 1.1803954139750514 2
12.55 0.0 1.1808659722612234 2
12.56 0.0 1.18133634311129 2
12.57 0.0 1.1818065267490556 2
12.58 0.0 1.18227652339788 2
12.59 0.0 1.182746333280678 2
12.6 0.0 1.1832159566199232 2
12.61 0.0 1.1836853936376468 2
12.62 0.0 1.1841546445554407 2
12.63 0.0 1.1846237095944574 2
12.64 0.0 1.1850925889754118 2
12.65 0.0 1.1855612829185826 2
12.66 0.0 1.1860297916438132 2
12.67 0.0 1.1864981153705123 2
12.68 0.0 1.1869662543176571 2
12.69 0.0 1.1874342087037917 2
12.7 0.0 1.1879019787470306 2
12.71 0.0 1.1883695646650592 2
12.72 0.0 1.188836966675134 2
12.73 0.0 1.1893041849940849 2
12.74 0.0 1.1897712198383164 2
12.75 0.0 1.1902380714238083 2
12.76 0.0 1.1907047399661168 2
12.77 0.0 1.191171225680376 2
12.78 0.0 1.1916375287812984 2
12.79 0.0 1.1921036494831776 2
12.8 0.0 1.1925695879998879 2
12.81 0.0 1.1930353445448854 2
12.82 0.0 1.1935009193312105 2
12.83 0.0 1.1939663125714877 2
12.84 0.0 1.1944315244779278 2
12.85 0.0 1.194896555262328 2
12.86 0.0 1.195361405136074 2
12.87 0.0 1.1958260743101399 2
12.88 0.0 1.1962905629950908 2
12.89 0.0 1.1967548714010827 2
12.9 0.0 1.1972189997378648 2
12.91 0.0 1.1976829482147788 2
12.92 0.0 1.1981467170407618 2
12.93 0.0 1.198610306424347 2
12.94 0.0 1.1990737165736631 2
12.95 0.0 1.1995369476964388 2
12.96 0.0 1.2000000000000002 2
12.97 0.0 1.200462873691274 2
12.98 0.0 1.2009255689767881 2
12.99 0.0 1.2013880860626733 2
13.0 0.0 1.2018504251546631 2
13.01 0.0 1.2023125864580957 2
13.02 0.0 1.2027745701779142 2
13.03 0.0 1.2032363765186698 2
13.04 0.0 1.2036980056845192 2
13.05 0.0 1.2041594578792296 2
13.06 0.0 1.204620733306177 2
13.07 0.0 1.2050818321683479 2
13.08 0.0 1.2055427546683417 2
13.09 0.0 1.2060035010083696 2
13.1 0.0 1.2064640713902572 2
13.11 0.0 1.2069244660154448 2
13.12 0.0 1.207384685084989 2
13.13 0.0 1.2078447287995626 2
13.14 0.0 1.2083045973594573 2
13.15 0.0 1.208764290964583 2
13.16 0.0 1.2092238098144703 2
13.17 0.0 1.2096831541082704 2
13.18 0.0 1.2101423240447564 2
13.19 0.0 1.210601319822325 2
13.2 0.0 1.2110601416389966 2
13.21 0.0 1.2115187896924167 2
13.22 0.0 1.2119772641798563 2
13.23 0.0 1.2124355652982142 2
13.24 0.0 1.2128936932440169 2
13.25 0.0 1.2133516482134197 2
13.26 0.0 1.2138094304022082 2
13.27 0.0 1.2142670400057989 2
13.28 0.0 1.2147244772192398 2
13.29 0.0 1.2151817422372122 2
13.3 0.0 1.2156388352540313 2
13.31 0.0 1.2160957564636465 2
13.32 0.0 1.2165525060596438 2
13.33 0.0 1.2170090842352457 2
13.34 0.0 1.2174654911833116 2
13.35 0.0 1.2179217270963405 2
13.36 0.0 1.2183777921664711 2
13.37 0.0 1.2188336865854814 2
13.38 0.0 1.219289410544792 2
13.39 0.0 1.2197449642354659 2
13.4 0.0 1.2202003478482084 2
13.41 0.0 1.2206555615733703 2
13.42 0.0 1.2211106056009469 2
13.43 0.0 1.2215654801205797 2
13.44 0.0 1.2220201853215573 2
13.45 0.0 1.2224747213928167 2
13.46 0.0 1.222929088522943 2
13.47 0.0 1.2233832869001713 2
13.48 0.0 1.223837316712388 2
13.49 0.0 1.2242911781471306 2
13.5 0.0 1.224744871391589 2
13.51 0.0 1.225198396632607 2
13.52 0.0 1.2256517540566823 2
13.53 0.0 1.226104943849968 2
13.54 0.0 1.2265579661982733 2
13.55 0.0 1.227010821287064 2
13.56 0.0 1.2274635093014648 2
13.57 0.0 1.2279160304262575 2
13.58 0.0 1.2283683848458853 2
13.59 0.0 1.2288205727444508 2
13.6 0.0 1.2292725943057183 2
13.61 0.0 1.2297244497131143 2
13.62 0.0 1.230176139149729 2
13.63 0.0 1.2306276627983155 2
13.64 0.0 1.2310790208412925 2
13.65 0.0 1.2315302134607444 2
13.66 0.0 1.2319812408384219 2
13.67 0.0 1.2324321031557435 2
13.68 0.0 1.2328828005937953 2
13.69 0.0 1.2333333333333334 2
13.7 0.0 1.2337837015547832 2
13.71 0.0 1.2342339054382412 2
13.72 0.0 1.2346839451634757 2
13.73 0.0 1.235133820909927 2
13.74 0.0 1.2355835328567093 2
13.75 0.0 1.2360330811826103 2
13.76 0.0 1.2364824660660938 2
13.77 0.0 1.236931687685298 2
13.78 0.0 1.237380746218039 2
13.79 0.0 1.2378296418418093 2
13.8 0.0 1.2382783747337807 2
13.81 0.0 1.2387269450708032 2
13.82 0.0 1.239175353029407 2
13.83 0.0 1.2396235987858035 2
13.84 0.0 1.240071682515885 2
13.85 0.0 1.2405196043952262 2
13.86 0.0 1.2409673645990857 2
13.87 0.0 1.2414149633024048 2
13.88 0.0 1.2418624006798105 2
13.89 0.0 1.242309676905615 2
13.9 0.0 1.2427567921538165 2
13.91 0.0 1.2432037465981012 2
13.92 0.0 1.243650540411842 2
13.93 0.0 1.2440971737681015 2
13.94 0.0 1.2445436468396311 2
13.95 0.0 1.2449899597988732 2
13.96 0.0 1.2454361128179603 2
13.97 0.0 1.245882106068717 2
13.98 0.0 1.2463279397226612 2
13.99 0.0 1.2467736139510028 2
14.0 0.0 1.247219128924647 2
14.01 0.0 1.2476644848141933 2
14.02 0.0 1.2481096817899369 2
14.03 0.0 1.2485547200218694 2
14.04 0.0 1.2489995996796797 2
14.05 0.0 1.2494443209327541 2
14.06 0.0 1.2498888839501783 2
14.07 0.0 1.2503332889007368 2
14.08 0.0 1.2507775359529145 2
14.09 0.0 1.2512216252748973 2
14.1 0.0 1.2516655570345725 2
14.11 0.0 1.25210933139953 2
14.12 0.0 1.2525529485370623 2
14.13 0.0 1.2529964086141667 2
14.14 0.0 1.2534397117975444 2
14.15 0.0 1.253882858253602 2
14.16 0.0 1.2543258481484518 2
14.17 0.0 1.2547686816479142 2
14.18 0.0 1.2552113589175153 2
14.19 0.0 1.2556538801224908 2
14.2 0.0 1.2560962454277849 2
14.21 0.0 1.256538454998051 2
14.22 0.0 1.2569805089976536 2
14.23 0.0 1.2574224075906677 2
14.24 0.0 1.2578641509408806 2
14.25 0.0 1.2583057392117916 2
14.26 0.0 1.2587471725666137 2
14.27 0.0 1.2591884511682736 2
14.28 0.0 1.2596295751794122 2
14.29 0.0 1.2600705447623866 2
14.3 0.0 1.2605113600792692 2
14.31 0.0 1.260952021291849 2
14.32 0.0 1.2613925285616334 2
14.33 0.0 1.2618328820498466 2
14.34 0.0 1.2622730819174326 2
14.35 0.0 1.2627131283250541 2
14.36 0.0 1.2631530214330944 2
14.37 0.0 1.2635927614016575 2
14.38 0.0 1.2640323483905695 2
14.39 0.0 1.2644717825593772 2
14.4 0.0 1.2649110640673518 2
14.41 0.0 1.2653501930734872 2
14.42 0.0 1.2657891697365016 2
14.43 0.0 1.2662279942148387 2
14.44 0.0 1.2666666666666666 2
14.45 0.0 1.2671051872498809 2
14.46 0.0 1.2675435561221031 2
14.47 0.0 1.2679817734406824 2
14.48 0.0 1.2684198393626964 2
14.49 0.0 1.268857754044952 2
14.5 0.0 1.2692955176439846 2
14.51 0.0 1.2697331303160606 2
14.52 0.0 1.2701705922171767 2
14.53 0.0 1.270607903503061 2
14.54 0.0 1.2710450643291746 2
14.55 0.0 1.27148207485071 2
14.56 0.0 1.2719189352225941 2
14.57 0.0 1.2723556455994876 2
14.58 0.0 1.2727922061357855 2
14.59 0.0 1.2732286169856186 2
14.6 0.0 1.2736648783028532 2
14.61 0.0 1.274100990241093 2
14.62 0.0 1.2745369529536774 2
14.63 0.0 1.2749727665936852 2
14.64 0.0 1.2754084313139327 2
14.65 0.0 1.2758439472669758 2
14.66 0.0 1.27627931460511 2
14.67 0.0 1.2767145334803705 2
14.68 0.0 1.2771496040445345 2
14.69 0.0 1.27758452644912 2
14.7 0.0 1.2780193008453875 2
14.71 0.0 1.2784539273843405 2
14.72 0.0 1.2788884062167254 2
14.73 0.0 1.2793227374930325 2
14.74 0.0 1.2797569213634978 2
14.75 0.0 1.2801909579781015 2
14.76 0.0 1.2806248474865698 2
14.77 0.0 1.2810585900383757 2
14.78 0.0 1.281492185782739 2
14.79 0.0 1.2819256348686272 2
14.8 0.0 1.2823589374447564 2
14.81 0.0 1.2827920936595905 2
14.82 0.0 1.2832251036613438 2
14.83 0.0 1.2836579675979805 2
14.84 0.0 1.2840906856172147 2
14.85 0.0 1.284523257866513 2
14.86 0.0 1.2849556844930923 2
14.87 0.0 1.2853879656439227 2
14.88 0.0 1.2858201014657273 2
14.89 0.0 1.2862520921049825 2
14.9 0.0 1.286683937707919 2
14.91 0.0 1.2871156384205216 2
14.92 0.0 1.287547194388531 2
14.93 0.0 1.2879786057574438 2
14.94 0.0 1.2884098726725126 2
14.95 0.0 1.288840995278747 2
14.96 0.0 1.2892719737209146 2
14.97 0.0 1.2897028081435402 2
14.98 0.0 1.2901334986909085 2
14.99 0.0 1.2905640455070626 2
15.0 0.0 1.2909944487358056 2
15.01 0.0 1.2914247085207011 2
15.02 0.0 1.2918548250050734 2
15.03 0.0 1.2922847983320085 2
15.04 0.0 1.2927146286443543 2
15.05 0.0 1.2931443160847216 2
15.06 0.0 1.2935738607954836 2
15.07 0.0 1.294003262918778 2
15.08 0.0 1.2944325225965065 2
15.09 0.0 1.2948616399703354 2
15.1 0.0 1.2952906151816965 2
15.11 0.0 1.2957194483717873 2
15.12 0.0 1.296148139681572 2
15.13 0.0 1.2965766892517816 2
15.14 0.0 1.2970050972229146 2
15.15 0.0 1.2974333637352375 2
15.16 0.0 1.2978614889287856 2
15.17 0.0 1.2982894729433632 2
15.18 0.0 1.298717315918544 2
15.19 0.0 1.2991450179936719 2
15.2 0.0 1.2995725793078619 2
15.21 0.0 1.3 2
15.22 0.0 1.300427280208744 2
15.23 0.0 1.3008544200725238 2
15.24 0.0 1.3012814197295424 2
15.25 0.0 1.3017082793177757 2
15.26 0.0 1.302134998974974 2
15.27 0.0 1.3025615788386615 2
15.28 0.0 1.3029880190461376 2
15.29 0.0 1.3034143197344767 2
15.3 0.0 1.3038404810405297 2
15.31 0.0 1.3042665031009233 2
15.32 0.0 1.3046923860520618 2
15.33 0.0 1.3051181300301262 2
15.34 0.0 1.305543735171076 2
15.35 0.0 1.305969201610649 2
15.36 0.0 1.3063945294843617 2
15.37 0.0 1.3068197189275106 2
15.38 0.0 1.307244770075172 2
15.39 0.0 1.307669683062202 2
15.4 0.0 1.3080944580232388 2
15.41 0.0 1.3085190950927015 2
15.42 0.0 1.3089435944047907 2
15.43 0.0 1.3093679560934903 2
15.44 0.0 1.3097921802925667 2
15.45 0.0 1.3102162671355697 2
15.46 0.0 1.3106402167558335 2
15.47 0.0 1.311064029286476 2
15.48 0.0 1.3114877048604001 2
15.49 0.0 1.311911243610295 2
15.5 0.0 1.3123346456686351 2
15.51 0.0 1.312757911167681 2
15.52 0.0 1.3131810402394806 2
15.53 0.0 1.3136040330158687 2
15.54 0.0 1.3140268896284681 2
15.55 0.0 1.3144496102086904 2
15.56 0.0 1.3148721948877347 2
15.57 0.0 1.3152946437965904 2
15.58 0.0 1.3157169570660368 2
15.59 0.0 1.3161391348266422 2
15.6 0.0 1.3165611772087666 2
15.61 0.0 1.3169830843425607 2
15.62 0.0 1.3174048563579668 2
15.63 0.0 1.3178264933847197 2
15.64 0.0 1.3182479955523458 2
15.65 0.0 1.3186693629901656 2
15.66 0.0 1.3190905958272918 2
15.67 0.0 1.3195116941926324 2
15.68 0.0 1.3199326582148887 2
15.69 0.0 1.3203534880225574 2
15.7 0.0 1.32077418374393 2
15.71 0.0 1.3211947455070943 2
15.72 0.0 1.321615173439934 2
15.73 0.0 1.3220354676701294 2
15.74 0.0 1.3224556283251583 2
15.75 0.0 1.3228756555322954 2
15.76 0.0 1.3232955494186138 2
15.77 0.0 1.3237153101109855 2
15.78 0.0 1.3241349377360803 2
15.79 0.0 1.3245544324203684 2
15.8 0.0 1.3249737942901194 2
15.81 0.0 1.3253930234714029 2
15.82 0.0 1.3258121200900894 2
15.83 0.0 1.3262310842718508 2
15.84 0.0 1.3266499161421599 2
15.85 0.0 1.327068615826292 2
15.86 0.0 1.3274871834493251 2
15.87 0.0 1.3279056191361391 2
15.88 0.0 1.3283239230114186 2
15.89 0.0 1.32874209519965 2
15.9 0.0 1.3291601358251257 2
15.91 0.0 1.329578045011942 2
15.92 0.0 1.3299958228840003 2
15.93 0.0 1.3304134695650072 2
15.94 0.0 1.3308309851784754 2
15.95 0.0 1.3312483698477238 2
15.96 0.0 1.3316656236958786 2
15.97 0.0 1.3320827468458725 2
15.98 0.0 1.3324997394204456 2
15.99 0.0 1.332916601542147 2
16.0 0.0 1.3333333333333333 2
16.01 0.0 1.3337499349161706 2
16.02 0.0 1.3341664064126333 2
16.03 0.0 1.334582747944507 2
16.04 0.0 1.3349989596333856 2
16.05 0.0 1.3354150416006754 2
16.06 0.0 1.3358309939675919 2
16.07 0.0 1.336246816855163 2
16.08 0.0 1.336662510384228 2
16.09 0.0 1.3370780746754387 2
16.1 0.0 1.3374935098492586 2
16.11 0.0 1.3379088160259651 2
16.12 0.0 1.3383239933256488 2
16.13 0.0 1.3387390418682135 2
16.14 0.0 1.3391539617733776 2
16.15 0.0 1.3395687531606746 2
16.16 0.0 1.339983416149452 2
16.17 0.0 1.3403979508588735 2
16.18 0.0 1.3408123574079178 2
16.19 0.0 1.3412266359153806 2
16.2 0.0 1.3416407864998738 2
16.21 0.0 1.3420548092798263 2
16.22 0.0 1.3424687043734844 2
16.23 0.0 1.3428824718989123 2
16.24 0.0 1.3432961119739923 2
16.25 0.0 1.3437096247164249 2
16.26 0.0 1.34412301024373 2
16.27 0.0 1.344536268673247 2
16.28 0.0 1.3449494001221343 2
16.29 0.0 1.345362404707371 2
16.3 0.0 1.3457752825457567 2
16.31 0.0 1.3461880337539114 2
16.32 0.0 1.346600658448277 2
16.33 0.0 1.3470131567451167 2
16.34 0.0 1.3474255287605157 2
16.35 0.0 1.347837774610382 2
16.36 0.0 1.3482498944104457 2
16.37 0.0 1.3486618882762607 2
16.38 0.0 1.349073756323204 2
16.39 0.0 1.3494854986664773 2
16.4 0.0 1.3498971154211057 2
16.41 0.0 1.3503086067019396 2
16.42 0.0 1.350719972623654 2
16.43 0.0 1.3511312133007496 2
16.44 0.0 1.3515423288475528 2
16.45 0.0 1.3519533193782163 2
16.46 0.0 1.3523641850067196 2
16.47 0.0 1.3527749258468682 2
16.48 0.0 1.353185542012296 2
16.49 0.0 1.3535960336164634 2
16.5 0.0 1.35400640077266 2
16.51 0.0 1.354416643594003 2
16.52 0.0 1.3548267621934384 2
16.53 0.0 1.3552367566837416 2
16.54 0.0 1.355646627177517 2
16.55 0.0 1.3560563737871996 2
16.56 0.0 1.3564659966250536 2
16.57 0.0 1.3568754958031748 2
16.58 0.0 1.3572848714334886 2
16.59 0.0 1.3576941236277533 2
16.6 0.0 1.3581032524975576 2
16.61 0.0 1.358512258154322 2
16.62 0.0 1.3589211407093007 2
16.63 0.0 1.3593299002735788 2
16.64 0.0 1.359738536958076 2
16.65 0.0 1.3601470508735443 2
16.66 0.0 1.3605554421305701 2
16.67 0.0 1.3609637108395736 2
16.68 0.0 1.361371857110809 2
16.69 0.0 1.3617798810543664 2
16.7 0.0 1.3621877827801698 2
16.71 0.0 1.3625955623979797 2
16.72 0.0 1.3630032200173916 2
16.73 0.0 1.3634107557478372 2
16.74 0.0 1.3638181696985856 2
16.75 0.0 1.3642254619787417 2
16.76 0.0 1.364632632697248 2
16.77 0.0 1.3650396819628847 2
16.78 0.0 1.3654466098842695 2
16.79 0.0 1.3658534165698586 2
16.8 0.0 1.3662601021279466 2
16.81 0.0 1.3666666666666667 2
16.82 0.0 1.367073110293992 2
16.83 0.0 1.3674794331177342 2
16.84 0.0 1.3678856352455462 2
16.85 0.0 1.3682917167849196 2
16.86 0.0 1.3686976778431874 2
16.87 0.0 1.3691035185275233 2
16.88 0.0 1.3695092389449424 2
16.89 0.0 1.369914839202301 2
16.9 0.0 1.3703203194062976 2
16.91 0.0 1.3707256796634726 2
16.92 0.0 1.3711309200802089 2
16.93 0.0 1.3715360407627322 2
16.94 0.0 1.3719410418171119 2
16.95 0.0 1.37234592334926 2
16.96 0.0 1.3727506854649334 2
16.97 0.0 1.373155328269732 2
16.98 0.0 1.373559851869101 2
16.99 0.0 1.3739642563683299 2
17.0 0.0 1.3743685418725535 2
17.01 0.0 1.374772708486752 2
17.02 0.0 1.3751767563157513 2
17.03 0.0 1.3755806854642232 2
17.04 0.0 1.375984496036686 2
17.05 0.0 1.3763881881375053 2
17.06 0.0 1.3767917618708923 2
17.07 0.0 1.3771952173409063 2
17.08 0.0 1.3775985546514549 2
17.09 0.0 1.3780017739062924 2
17.1 0.0 1.3784048752090223 2
17.11 0.0 1.3788078586630956 2
17.12 0.0 1.3792107243718135 2
17.13 0.0 1.379613472438325 2
17.14 0.0 1.38001610296563 2
17.15 0.0 1.380418616056577 2
17.16 0.0 1.3808210118138653 2
17.17 0.0 1.3812232903400443 2
17.18 0.0 1.3816254517375137 2
17.19 0.0 1.3820274961085255 2
17.2 0.0 1.3824294235551813 2
17.21 0.0 1.3828312341794362 2
17.22 0.0 1.383232928083095 2
17.23 0.0 1.3836345053678172 2
17.24 0.0 1.384035966135113 2
17.25 0.0 1.3844373104863459 2
17.26 0.0 1.3848385385227326 2
17.27 0.0 1.3852396503453432 2
17.28 0.0 1.3856406460551018 2
17.29 0.0 1.386041525752786 2
17.3 0.0 1.3864422895390283 2
17.31 0.0 1.3868429375143148 2
17.32 0.0 1.3872434697789875 2
17.33 0.0 1.387643886433243 2
17.34 0.0 1.3880441875771343 2
17.35 0.0 1.3884443733105687 2
17.36 0.0 1.3888444437333107 2
17.37 0.0 1.3892443989449805 2
17.38 0.0 1.3896442390450554 2
17.39 0.0 1.3900439641328695 2
17.4 0.0 1.390443574307614 2
17.41 0.0 1.3908430696683376 2
17.42 0.0 1.3912424503139473 2
17.43 0.0 1.3916417163432069 2
17.44 0.0 1.39204086785474 2
17.45 0.0 1.3924399049470282 2
17.46 0.0 1.392838827718412 2
17.47 0.0 1.393237636267091 2
17.48 0.0 1.3936363306911248 2
17.49 0.0 1.3940349110884322 2
17.5 0.0 1.3944333775567925 2
17.51 0.0 1.394831730193845 2
17.52 0.0 1.39522996909709 2
17.53 0.0 1.3956280943638881 2
17.54 0.0 1.3960261060914616 2
17.55 0.0 1.3964240043768943 2
17.56 0.0 1.3968217893171309 2
17.57 0.0 1.3972194610089792 2
17.58 0.0 1.3976170195491084 2
17.59 0.0 1.3980144650340511 2
17.6 0.0 1.3984117975602022 2
17.61 0.0 1.3988090172238192 2
17.62 0.0 1.3992061241210239 2
17.63 0.0 1.399603118347801 2
17.64 0.0 1.4 2
17.65 0.0 1.4003967691733337 2
17.66 0.0 1.4007934259633796 2
17.67 0.0 1.4011899704655801 2
17.68 0.0 1.4015864027752425 2
17.69 0.0 1.4019827229875395 2
17.7 0.0 1.4023789311975086 2
17.71 0.0 1.4027750275000543 2
17.72 0.0 1.4031710119899459 2
17.73 0.0 1.40356688476182 2
17.74 0.0 1.403962645910179 2
17.75 0.0 1.4043582955293932 2
17.76 0.0 1.4047538337136984 2
17.77 0.0 1.4051492605571996 2
17.78 0.0 1.4055445761538679 2
17.79 0.0 1.4059397805975427 2
17.8 0.0 1.4063348739819326 2
17.81 0.0 1.4067298564006128 2
17.82 0.0 1.407124727947029 2
17.83 0.0 1.4075194887144942 2
17.84 0.0 1.4079141387961918 2
17.85 0.0 1.408308678285174 2
17.86 0.0 1.4087031072743625 2
17.87 0.0 1.40909742585655 2
17.88 0.0 1.4094916341243984 2
17.89 0.0 1.4098857321704399 2
17.9 0.0 1.4102797200870787 2
17.91 0.0 1.4106735979665885 2
17.92 0.0 1.411067365901115 2
17.93 0.0 1.4114610239826753 2
17.94 0.0 1.4118545723031581 2
17.95 0.0 1.4122480109543238 2
17.96 0.0 1.4126413400278062 2
17.97 0.0 1.4130345596151095 2
17.98 0.0 1.4134276698076127 2
17.99 0.0 1.4138206706965664 2
18.0 0.0 1.4142135623730951 2
18.01 0.0 1.4146063449281965 2
18.02 0.0 1.4149990184527417 2
18.03 0.0 1.4153915830374764 2
18.04 0.0 1.41578403877302 2
18.05 0.0 1.416176385749867 2
18.06 0.0 1.416568624058385 2
18.07 0.0 1.416960753788819 2
18.08 0.0 1.4173527750312864 2
18.09 0.0 1.4177446878757827 2
18.1 0.0 1.4181364924121764 2
18.11 0.0 1.4185281887302144 2
18.12 0.0 1.4189197769195177 2
18.13 0.0 1.4193112570695845 2
18.14 0.0 1.4197026292697903 2
18.15 0.0 1.420093893609386 2
18.16 0.0 1.420485050177501 2
18.17 0.0 1.420876099063141 2
18.18 0.0 1.4212670403551895 2
18.19 0.0 1.4216578741424082 2
18.2 0.0 1.422048600513436 2
18.21 0.0 1.4224392195567912 2
18.22 0.0 1.4228297313608695 2
18.23 0.0 1.4232201360139463 2
18.24 0.0 1.4236104336041748 2
18.25 0.0 1.4240006242195884 2
18.26 0.0 1.4243907079480997 2
18.27 0.0 1.4247806848775009 2
18.28 0.0 1.4251705550954634 2
18.29 0.0 1.4255603186895396 2
18.3 0.0 1.4259499757471625 2
18.31 0.0 1.4263395263556446 2
18.32 0.0 1.4267289706021797 2
18.33 0.0 1.4271183085738428 2
18.34 0.0 1.4275075403575905 2
18.35 0.0 1.4278966660402597 2
18.36 0.0 1.42828568570857 2
18.37 0.0 1.4286745994491228 2
18.38 0.0 1.4290634073484012 2
18.39 0.0 1.429452109492771 2
18.4 0.0 1.429840705968481 2
18.41 0.0 1.4302291968616623 2
18.42 0.0 1.4306175822583291 2
18.43 0.0 1.4310058622443786 2
18.44 0.0 1.4313940369055926 2
18.45 0.0 1.4317821063276353 2
18.46 0.0 1.4321700705960556 2
18.47 0.0 1.4325579297962865 2
18.48 0.0 1.4329456840136452 2
18.49 0.0 1.4333333333333333 2
18.5 0.0 1.4337208778404378 2
18.51 0.0 1.4341083176199303 2
18.52 0.0 1.4344956527566677 2
18.53 0.0 1.4348828833353924 2
18.54 0.0 1.4352700094407322 2
18.55 0.0 1.4356570311572021 2
18.56 0.0 1.4360439485692011 2
18.57 0.0 1.4364307617610164 2
18.58 0.0 1.4368174708168202 2
18.59 0.0 1.4372040758206732 2
18.6 0.0 1.4375905768565218 2
18.61 0.0 1.4379769740081993 2
18.62 0.0 1.4383632673594278 2
18.63 0.0 1.4387494569938157 2
18.64 0.0 1.4391355429948602 2
18.65 0.0 1.4395215254459455 2
18.66 0.0 1.439907404430345 2
18.67 0.0 1.4402931800312202 2
18.68 0.0 1.4406788523316207 2
18.69 0.0 1.4410644214144859 2
18.7 0.0 1.4414498873626433 2
18.71 0.0 1.4418352502588114 2
18.72 0.0 1.4422205101855958 2
18.73 0.0 1.4426056672254934 2
18.74 0.0 1.4429907214608908 2
18.75 0.0 1.4433756729740645 2
18.76 0.0 1.443760521847181 2
18.77 0.0 1.444145268162298 2
18.78 0.0 1.4445299120013635 2
18.79 0.0 1.4449144534462162 2
18.8 0.0 1.4452988925785866 2
18.81 0.0 1.445683229480096 2
18.82 0.0 1.4460674642322575 2
18.83 0.0 1.4464515969164755 2
18.84 0.0 1.446835627614047 2
18.85 0.0 1.4472195564061607 2
18.86 0.0 1.4476033833738977 2
18.87 0.0 1.4479871085982314 2
18.88 0.0 1.4483707321600288 2
18.89 0.0 1.4487542541400487 2
18.9 0.0 1.449137674618944 2
18.91 0.0 1.44952099367726 2
18.92 0.0 1.4499042113954366 2
18.93 0.0 1.4502873278538062 2
18.94 0.0 1.4506703431325962 2
18.95 0.0 1.4510532573119277 2
18.96 0.0 1.451436070471816 2
18.97 0.0 1.4518187826921711 2
18.98 0.0 1.4522013940527976 2
18.99 0.0 1.452583904633395 2
19.0 0.0 1.4529663145135578 2
19.01 0.0 1.4533486237727762 2
19.02 0.0 1.453730832490435 2
19.03 0.0 1.4541129407458158 2
19.04 0.0 1.4544949486180951 2
19.05 0.0 1.4548768561863463 2
19.06 0.0 1.4552586635295381 2
19.07 0.0 1.4556403707265366 2
19.08 0.0 1.4560219778561034 2
19.09 0.0 1.4564034849968985 2
19.1 0.0 1.456784892227477 2
19.11 0.0 1.457166199626293 2
19.12 0.0 1.4575474072716965 2
19.13 0.0 1.4579285152419357 2
19.14 0.0 1.458309523615157 2
19.15 0.0 1.4586904324694043 2
19.16 0.0 1.4590712418826193 2
19.17 0.0 1.4594519519326425 2
19.18 0.0 1.4598325626972126 2
19.19 0.0 1.4602130742539674 2
19.2 0.0 1.4605934866804429 2
19.21 0.0 1.460973800054075 2
19.22 0.0 1.4613540144521981 2
19.23 0.0 1.4617341299520465 2
19.24 0.0 1.462114146630754 2
19.25 0.0 1.4624940645653537 2
19.26 0.0 1.4628738838327795 2
19.27 0.0 1.4632536045098647 2
19.28 0.0 1.4636332266733432 2
19.29 0.0 1.46401275039985 2
19.3 0.0 1.46439217576592 2
19.31 0.0 1.4647715028479888 2
19.32 0.0 1.465150731722394 2
19.33 0.0 1.4655298624653739 2
19.34 0.0 1.465908895153068 2
19.35 0.0 1.466287829861518 2
19.36 0.0 1.4666666666666668 2
19.37 0.0 1.4670454056443591 2
19.38 0.0 1.4674240468703426 2
19.39 0.0 1.4678025904202663 2
19.4 0.0 1.4681810363696826 2
19.41 0.0 1.468559384794046 2
19.42 0.0 1.4689376357687136 2
19.43 0.0 1.469315789368946 2
19.44 0.0 1.469693845669907 2
19.45 0.0 1.470071804746663 2
19.46 0.0 1.470449666674185 2
19.47 0.0 1.470827431527347 2
19.48 0.0 1.4712050993809274 2
19.49 0.0 1.4715826703096078 2
19.5 0.0 1.4719601443879744 2
19.51 0.0 1.4723375216905183 2
19.52 0.0 1.4727148022916348 2
19.53 0.0 1.4730919862656235 2
19.54 0.0 1.4734690736866896 2
19.55 0.0 1.473846064628943 2
19.56 0.0 1.4742229591663987 2
19.57 0.0 1.4745997573729774 2
19.58 0.0 1.4749764593225057 2
19.59 0.0 1.4753530650887152 2
19.6 0.0 1.4757295747452437 2
19.61 0.0 1.4761059883656353 2
19.62 0.0 1.47648230602334 2
19.63 0.0 1.4768585277917148 2
19.64 0.0 1.4772346537440226 2
19.65 0.0 1.4776106839534333 2
19.66 0.0 1.4779866184930242 2
19.67 0.0 1.4783624574357792 2
19.68 0.0 1.4787382008545888 2
19.69 0.0 1.4791138488222526 2
19.7 0.0 1.4794894014114763 2
19.71 0.0 1.4798648586948744 2
19.72 0.0 1.4802402207449676 2
19.73 0.0 1.4806154876341873 2
19.74 0.0 1.4809906594348707 2
19.75 0.0 1.481365736219265 2
19.76 0.0 1.4817407180595246 2
19.77 0.0 1.482115605027714 2
19.78 0.0 1.4824903971958059 2
19.79 0.0 1.4828650946356816 2
19.8 0.0 1.4832396974191326 2
19.81 0.0 1.4836142056178592 2
19.82 0.0 1.483988619303471 2
19.83 0.0 1.484362938547488 2
19.84 0.0 1.484737163421339 2
19.85 0.0 1.4851112939963644 2
19.86 0.0 1.485485330343813 2
19.87 0.0 1.4858592725348447 2
19.88 0.0 1.4862331206405301 2
19.89 0.0 1.4866068747318506 2
19.9 0.0 1.4869805348796974 2
19.91 0.0 1.4873541011548737 2
19.92 0.0 1.4877275736280933 2
19.93 0.0 1.488100952369981 2
19.94 0.0 1.4884742374510738 2
19.95 0.0 1.4888474289418194 2
19.96 0.0 1.4892205269125784 2
19.97 0.0 1.489593531433622 2
19.98 0.0 1.489966442575134 2
19.99 0.0 1.4903392604072105 2
20.0 0.0 1.4907119849998598 2
