mu0 A1 A2 dim_unstable
0.0 -0.0 -0.0 0
0.01 -0.025819888974716113 -0.025819888974716113 1
0.02 -0.03651483716701107 -0.03651483716701107 1
0.03 -0.044721359549995794 -0.044721359549995794 1
0.04 -0.051639777949432225 -0.051639777949432225 1
0.05 -0.057735026918962574 -0.057735026918962574 1
0.06 -0.06324555320336758 -0.06324555320336758 1
0.07 -0.06831300510639733 -0.06831300510639733 1
0.08 -0.07302967433402215 -0.07302967433402215 1
0.09 -0.07745966692414834 -0.07745966692414834 1
0.1 -0.0816496580927726 -0.0816496580927726 1
0.11 -0.08563488385776753 -0.08563488385776753 1
0.12 -0.08944271909999159 -0.08944271909999159 1
0.13 -0.09309493362512629 -0.09309493362512629 1
0.14 -0.0966091783079296 -0.0966091783079296 1
0.15 -0.1 -0.1 1
0.16 -0.10327955589886445 -0.10327955589886445 1
0.17 -0.10645812948447543 -0.10645812948447543 1
0.18 -0.10954451150103321 -0.10954451150103321 1
0.19 -0.11254628677422755 -0.11254628677422755 1
0.2 -0.11547005383792515 -0.11547005383792515 1
0.21 -0.11832159566199232 -0.11832159566199232 1
0.22 -0.12110601416389967 -0.12110601416389967 1
0.23 -0.12382783747337807 -0.12382783747337807 1
0.24 -0.12649110640673517 -0.12649110640673517 1
0.25 -0.12909944487358058 -0.12909944487358058 1
0.26 -0.13165611772087668 -0.13165611772087668 1
0.27 -0.13416407864998742 -0.13416407864998742 1
0.28 -0.13662601021279466 -0.13662601021279466 1
0.29 -0.1390443574307614 -0.1390443574307614 1
0.3 -0.1414213562373095 -0.1414213562373095 1
0.31 -0.14375905768565217 -0.14375905768565217 1
0.32 -0.1460593486680443 -0.1460593486680443 1
0.33 -0.14832396974191328 -0.14832396974191328 1
0.34 -0.15055453054181622 -0.15055453054181622 1
0.35 -0.15275252316519466 -0.15275252316519466 1
0.36 -0.15491933384829668 -0.15491933384829668 1
0.37 -0.15705625319186328 -0.15705625319186328 1
0.38 -0.1591644851508443 -0.1591644851508443 1
0.39 -0.161245154965971 -0.161245154965971 1
0.4 -0.1632993161855452 -0.1632993161855452 1
0.41 -0.16532795690182991 -0.16532795690182991 1
0.42 -0.1673320053068151 -0.1673320053068151 1
0.43 -0.16931233465600393 -0.16931233465600393 1
0.44 -0.17126976771553507 -0.17126976771553507 1
0.45 -0.17320508075688773 -0.17320508075688773 1
0.46 -0.17511900715418263 -0.17511900715418263 1
0.47 -0.1770122406313567 -0.1770122406313567 1
0.48 -0.17888543819998318 -0.17888543819998318 1
0.49 -0.1807392228230128 -0.1807392228230128 1
0.5 -0.18257418583505539 -0.18257418583505539 1
0.51 -0.18439088914585777 -0.18439088914585777 1
0.52 -0.18618986725025258 -0.18618986725025258 1
0.53 -0.1879716290649558 -0.1879716290649558 1
0.54 -0.18973665961010278 -0.18973665961010278 1
0.55 -0.19148542155126763 -0.19148542155126763 1
0.56 -0.1932183566158592 -0.1932183566158592 1
0.57 -0.19493588689617927 -0.19493588689617927 1
0.58 -0.196638416050035 -0.196638416050035 1
0.59 -0.19832633040858022 -0.19832633040858022 1
0.6 -0.2 -0.2 1
0.61 -0.20165977949672234 -0.20165977949672234 1
0.62 -0.20330600909302543 -0.20330600909302543 1
0.63 -0.20493901531919198 -0.20493901531919198 1
0.64 -0.2065591117977289 -0.2065591117977289 1
0.65 -0.20816659994661327 -0.20816659994661327 1
0.66 -0.20976176963403032 -0.20976176963403032 1
0.67 -0.21134489978863147 -0.21134489978863147 1
0.68 -0.21291625896895086 -0.21291625896895086 1
0.69 -0.21447610589527216 -0.21447610589527216 1
0.7 -0.21602468994692867 -0.21602468994692867 1
0.71 -0.21756225162774293 -0.21756225162774293 1
0.72 -0.21908902300206642 -0.21908902300206642 1
0.73 -0.2206052281036573 -0.2206052281036573 1
0.74 -0.22211108331943574 -0.22211108331943574 1
0.75 -0.223606797749979 -0.223606797749979 1
0.76 -0.2250925735484551 -0.2250925735484551 1
0.77 -0.22656860623955238 -0.22656860623955238 1
0.78 -0.22803508501982758 -0.22803508501982758 1
0.79 -0.2294921930407801 -0.2294921930407801 1
0.8 -0.2309401076758503 -0.2309401076758503 1
0.81 -0.23237900077244503 -0.23237900077244503 1
0.82 -0.2338090388900024 -0.2338090388900024 1
0.83 -0.23523038352503134 -0.23523038352503134 1
0.84 -0.23664319132398465 -0.23664319132398465 1
0.85 -0.23804761428476168 -0.23804761428476168 1
0.86 -0.23944379994757295 -0.23944379994757295 1
0.87 -0.24083189157584592 -0.24083189157584592 1
0.88 -0.24221202832779934 -0.24221202832779934 1
0.89 -0.24358434541926813 -0.24358434541926813 1
0.9 -0.24494897427831783 -0.24494897427831783 1
0.91 -0.2463060426921489 -0.2463060426921489 1
0.92 -0.24765567494675614 -0.24765567494675614 1
0.93 -0.24899799195977465 -0.24899799195977465 1
0.94 -0.2503331114069145 -0.2503331114069145 1
0.95 -0.2516611478423583 -0.2516611478423583 1
0.96 -0.25298221281347033 -0.25298221281347033 1
0.97 -0.254296414970142 -0.254296414970142 1
0.98 -0.2556038601690775 -0.2556038601690775 1
0.99 -0.25690465157330256 -0.25690465157330256 1
1.0 -0.25819888974716115 -0.25819888974716115 1
1.01 -0.2594866727470475 -0.2594866727470475 1
1.02 -0.2607680962081059 -0.2607680962081059 1
1.03 -0.262043253427114 -0.262043253427114 1
1.04 -0.26331223544175336 -0.26331223544175336 1
1.05 -0.2645751311064591 -0.2645751311064591 1
1.06 -0.26583202716502513 -0.26583202716502513 1
1.07 -0.2670830083201351 -0.2670830083201351 1
1.08 -0.26832815729997483 -0.26832815729997483 1
1.09 -0.2695675549220764 -0.2695675549220764 1
1.1 -0.27080128015453203 -0.27080128015453203 1
1.11 -0.2720294101747089 -0.2720294101747089 1
1.12 -0.2732520204255893 -0.2732520204255893 1
1.13 -0.274469184669852 -0.274469184669852 1
1.14 -0.2756809750418044 -0.2756809750418044 1
1.15 -0.27688746209726917 -0.27688746209726917 1
1.16 -0.2780887148615228 -0.2780887148615228 1
1.17 -0.2792848008753788 -0.2792848008753788 1
1.18 -0.28047578623950176 -0.28047578623950176 1
1.19 -0.28166173565703473 -0.28166173565703473 1
1.2 -0.282842712474619 -0.282842712474619 1
1.21 -0.2840187787218772 -0.2840187787218772 1
1.22 -0.2851899951494325 -0.2851899951494325 1
1.23 -0.2863564212655271 -0.2863564212655271 1
1.24 -0.28751811537130434 -0.28751811537130434 1
1.25 -0.2886751345948129 -0.2886751345948129 1
1.26 -0.28982753492378877 -0.28982753492378877 1
1.27 -0.29097537123726924 -0.29097537123726924 1
1.28 -0.2921186973360886 -0.2921186973360886 1
1.29 -0.2932575659723036 -0.2932575659723036 1
1.3 -0.2943920288775949 -0.2943920288775949 1
1.31 -0.2955221367906867 -0.2955221367906867 1
1.32 -0.29664793948382656 -0.29664793948382656 1
1.33 -0.29776948578836393 -0.29776948578836393 1
1.34 -0.2988868236194653 -0.2988868236194653 1
1.35 -0.3 -0.3 1
1.36 -0.30110906108363245 -0.30110906108363245 1
1.37 -0.3022140521771503 -0.3022140521771503 1
1.38 -0.303315017762062 -0.303315017762062 1
1.39 -0.30441200151548997 -0.30441200151548997 1
1.4 -0.30550504633038933 -0.30550504633038933 1
1.41 -0.30659419433511786 -0.30659419433511786 1
1.42 -0.307679486912382 -0.307679486912382 1
1.43 -0.3087609647175843 -0.3087609647175843 1
1.44 -0.30983866769659335 -0.30983866769659335 1
1.45 -0.3109126351029605 -0.3109126351029605 1
1.46 -0.3119829055146024 -0.3119829055146024 1
1.47 -0.31304951684997057 -0.31304951684997057 1
1.48 -0.31411250638372656 -0.31411250638372656 1
1.49 -0.3151719107619417 -0.3151719107619417 1
1.5 -0.31622776601683794 -0.31622776601683794 1
1.51 -0.31728010758108777 -0.31728010758108777 1
1.52 -0.3183289703016886 -0.3183289703016886 1
1.53 -0.31937438845342625 -0.31937438845342625 1
1.54 -0.32041639575194447 -0.32041639575194447 1
1.55 -0.32145502536643183 -0.32145502536643183 1
1.56 -0.322490309931942 -0.322490309931942 1
1.57 -0.3235222815613581 -0.3235222815613581 1
1.58 -0.32455097185701565 -0.32455097185701565 1
1.59 -0.32557641192199416 -0.32557641192199416 1
1.6 -0.3265986323710904 -0.3265986323710904 1
1.61 -0.32761766334148307 -0.32761766334148307 1
1.62 -0.3286335345030997 -0.3286335345030997 1
1.63 -0.3296462750686964 -0.3296462750686964 1
1.64 -0.33065591380365983 -0.33065591380365983 1
1.65 -0.33166247903553997 -0.33166247903553997 1
1.66 -0.33266599866332397 -0.33266599866332397 1
1.67 -0.3336665001664586 -0.3336665001664586 1
1.68 -0.3346640106136302 -0.3346640106136302 1
1.69 -0.33565855667130945 -0.33565855667130945 1
1.7 -0.33665016461206926 -0.33665016461206926 1
1.71 -0.33763886032268264 -0.33763886032268264 1
1.72 -0.33862466931200785 -0.33862466931200785 1
1.73 -0.3396076167186674 -0.3396076167186674 1
1.74 -0.34058772731852804 -0.34058772731852804 1
1.75 -0.3415650255319866 -0.3415650255319866 1
1.76 -0.34253953543107013 -0.34253953543107013 1
1.77 -0.3435112807463534 -0.3435112807463534 1
1.78 -0.3444802848737017 -0.3444802848737017 1
1.79 -0.3454465708808431 -0.3454465708808431 1
1.8 -0.34641016151377546 -0.34641016151377546 1
1.81 -0.3473710792030141 -0.3473710792030141 1
1.82 -0.3483293460696835 -0.3483293460696835 1
1.83 -0.3492849839314596 -0.3492849839314596 1
1.84 -0.35023801430836526 -0.35023801430836526 1
1.85 -0.3511884584284246 -0.3511884584284246 1
1.86 -0.35213633723318016 -0.35213633723318016 1
1.87 -0.35308167138307633 -0.35308167138307633 1
1.88 -0.3540244812627134 -0.3540244812627134 1
1.89 -0.35496478698597694 -0.35496478698597694 1
1.9 -0.3559026084010437 -0.3559026084010437 1
1.91 -0.35683796509527027 -0.35683796509527027 1
1.92 -0.35777087639996635 -0.35777087639996635 1
1.93 -0.35870136139505615 -0.35870136139505615 1
1.94 -0.3596294389136314 -0.3596294389136314 1
1.95 -0.36055512754639896 -0.36055512754639896 1
1.96 -0.3614784456460256 -0.3614784456460256 1
1.97 -0.3623994113313836 -0.3623994113313836 1
1.98 -0.36331804249169897 -0.36331804249169897 1
1.99 -0.3642343567906063 -0.3642343567906063 1
2.0 -0.36514837167011077 -0.36514837167011077 1
2.01 -0.36606010435446257 -0.36606010435446257 1
2.02 -0.36696957185394363 -0.36696957185394363 1
2.03 -0.3678767909685705 -0.3678767909685705 1
2.04 -0.36878177829171555 -0.36878177829171555 1
2.05 -0.3696845502136472 -0.3696845502136472 1
2.06 -0.37058512292499457 -0.37058512292499457 1
2.07 -0.37148351242013417 -0.37148351242013417 1
2.08 -0.37237973450050516 -0.37237973450050516 1
2.09 -0.3732738047778511 -0.3732738047778511 1
2.1 -0.37416573867739417 -0.37416573867739417 1
2.11 -0.3750555514409388 -0.3750555514409388 1
2.12 -0.3759432581299116 -0.3759432581299116 1
2.13 -0.37682887362833545 -0.37682887362833545 1
2.14 -0.37771241264574124 -0.37771241264574124 1
2.15 -0.37859388972001823 -0.37859388972001823 1
2.16 -0.37947331922020555 -0.37947331922020555 1
2.17 -0.3803507153492243 -0.3803507153492243 1
2.18 -0.38122609214655456 -0.38122609214655456 1
2.19 -0.382099463490856 -0.382099463490856 1
2.2 -0.38297084310253526 -0.38297084310253526 1
2.21 -0.3838402445462608 -0.3838402445462608 1
2.22 -0.3847076812334269 -0.3847076812334269 1
2.23 -0.3855731664245668 -0.3855731664245668 1
2.24 -0.3864367132317184 -0.3864367132317184 1
2.25 -0.38729833462074165 -0.38729833462074165 1
2.26 -0.38815804341359034 -0.38815804341359034 1
2.27 -0.38901585229053753 -0.38901585229053753 1
2.28 -0.38987177379235854 -0.38987177379235854 1
2.29 -0.39072582032246944 -0.39072582032246944 1
2.3 -0.39157800414902433 -0.39157800414902433 1
2.31 -0.39242833740697164 -0.39242833740697164 1
2.32 -0.39327683210007 -0.39327683210007 1
2.33 -0.3941235001028654 -0.3941235001028654 1
2.34 -0.39496835316262996 -0.39496835316262996 1
2.35 -0.3958114029012639 -0.3958114029012639 1
2.36 -0.39665266081716044 -0.39665266081716044 1
2.37 -0.39749213828703583 -0.39749213828703583 1
2.38 -0.39832984656772413 -0.39832984656772413 1
2.39 -0.3991657967979388 -0.3991657967979388 1
2.4 -0.4 -0.4 1
2.41 -0.4008324670815311 -0.4008324670815311 1
2.42 -0.4016632088371218 -0.4016632088371218 1
2.43 -0.4024922359499622 -0.4024922359499622 1
2.44 -0.4033195589934447 -0.4033195589934447 1
2.45 -0.404145188432738 -0.404145188432738 1
2.46 -0.4049691346263317 -0.4049691346263317 1
2.47 -0.4057914078275521 -0.4057914078275521 1
2.48 -0.40661201818605086 -0.40661201818605086 1
2.49 -0.40743097574926723 -0.40743097574926723 1
2.5 -0.408248290463863 -0.408248290463863 1
2.51 -0.4090639721771319 -0.4090639721771319 1
2.52 -0.40987803063838396 -0.40987803063838396 1
2.53 -0.410690475500305 -0.410690475500305 1
2.54 -0.41150131632029235 -0.41150131632029235 1
2.55 -0.412310562561766 -0.412310562561766 1
2.56 -0.4131182235954578 -0.4131182235954578 1
2.57 -0.413924308700677 -0.413924308700677 1
2.58 -0.4147288270665544 -0.4147288270665544 1
2.59 -0.41553178779326455 -0.41553178779326455 1
2.6 -0.41633319989322654 -0.41633319989322654 1
2.61 -0.4171330722922842 -0.4171330722922842 1
2.62 -0.4179314138308661 -0.4179314138308661 1
2.63 -0.4187282332651254 -0.4187282332651254 1
2.64 -0.41952353926806063 -0.41952353926806063 1
2.65 -0.42031734043061636 -0.42031734043061636 1
2.66 -0.4211096452627669 -0.4211096452627669 1
2.67 -0.4219004621945797 -0.4219004621945797 1
2.68 -0.42268979957726294 -0.42268979957726294 1
2.69 -0.42347766568419326 -0.42347766568419326 1
2.7 -0.4242640687119285 -0.4242640687119285 1
2.71 -0.4250490167812021 -0.4250490167812021 1
2.72 -0.4258325179379017 -0.4258325179379017 1
2.73 -0.4266145801540308 -0.4266145801540308 1
2.74 -0.4273952113286562 -0.4273952113286562 1
2.75 -0.42817441928883765 -0.42817441928883765 1
2.76 -0.4289522117905443 -0.4289522117905443 1
2.77 -0.4297285965195552 -0.4297285965195552 1
2.78 -0.43050358109234504 -0.43050358109234504 1
2.79 -0.4312771730569565 -0.4312771730569565 1
2.8 -0.43204937989385733 -0.43204937989385733 1
2.81 -0.43282020901678486 -0.43282020901678486 1
2.82 -0.43358966777357594 -0.43358966777357594 1
2.83 -0.4343577634469847 -0.4343577634469847 1
2.84 -0.43512450325548585 -0.43512450325548585 1
2.85 -0.4358898943540674 -0.4358898943540674 1
2.86 -0.4366539438350084 -0.4366539438350084 1
2.87 -0.43741665872864666 -0.43741665872864666 1
2.88 -0.43817804600413285 -0.43817804600413285 1
2.89 -0.4389381125701739 -0.4389381125701739 1
2.9 -0.43969686527576396 -0.43969686527576396 1
2.91 -0.44045431091090487 -0.44045431091090487 1
2.92 -0.4412104562073146 -0.4412104562073146 1
2.93 -0.44196530783912596 -0.44196530783912596 1
2.94 -0.44271887242357316 -0.44271887242357316 1
2.95 -0.443471156521669 -0.443471156521669 1
2.96 -0.4442221666388715 -0.4442221666388715 1
2.97 -0.4449719092257398 -0.4449719092257398 1
2.98 -0.44572039067858077 -0.44572039067858077 1
2.99 -0.4464676173400859 -0.4464676173400859 1
3.0 -0.447213595499958 -0.447213595499958 1
3.01 -0.44795833139552904 -0.44795833139552904 1
3.02 -0.44870183121236906 -0.44870183121236906 1
3.03 -0.4494441010848846 -0.4494441010848846 1
3.04 -0.4501851470969102 -0.4501851470969102 1
3.05 -0.4509249752822894 -0.4509249752822894 1
3.06 -0.4516635916254486 -0.4516635916254486 1
3.07 -0.45240100206196127 -0.45240100206196127 1
3.08 -0.45313721247910477 -0.45313721247910477 1
3.09 -0.4538722287164087 -0.4538722287164087 1
3.1 -0.4546060565661952 -0.4546060565661952 1
3.11 -0.4553387017741116 -0.4553387017741116 1
3.12 -0.45607017003965516 -0.45607017003965516 1
3.13 -0.4568004670166906 -0.4568004670166906 1
3.14 -0.45752959831395973 -0.45752959831395973 1
3.15 -0.458257569495584 -0.458257569495584 1
3.16 -0.4589843860815602 -0.4589843860815602 1
3.17 -0.4597100535482483 -0.4597100535482483 1
3.18 -0.4604345773288535 -0.4604345773288535 1
3.19 -0.46115796281390037 -0.46115796281390037 1
3.2 -0.4618802153517006 -0.4618802153517006 1
3.21 -0.4626013402488151 -0.4626013402488151 1
3.22 -0.4633213427705081 -0.4633213427705081 1
3.23 -0.46404022814119616 -0.46404022814119616 1
3.24 -0.46475800154489005 -0.46475800154489005 1
3.25 -0.4654746681256314 -0.4654746681256314 1
3.26 -0.46619023298792234 -0.46619023298792234 1
3.27 -0.46690470119715005 -0.46690470119715005 1
3.28 -0.4676180777800048 -0.4676180777800048 1
3.29 -0.46833036772489284 -0.46833036772489284 1
3.3 -0.4690415759823429 -0.4690415759823429 1
3.31 -0.46975170746540845 -0.46975170746540845 1
3.32 -0.4704607670500627 -0.4704607670500627 1
3.33 -0.47116875957558985 -0.47116875957558985 1
3.34 -0.47187568984497036 -0.47187568984497036 1
3.35 -0.47258156262526085 -0.47258156262526085 1
3.36 -0.4732863826479693 -0.4732863826479693 1
3.37 -0.4739901546094251 -0.4739901546094251 1
3.38 -0.47469288317114394 -0.47469288317114394 1
3.39 -0.4753945729601885 -0.4753945729601885 1
3.4 -0.47609522856952335 -0.47609522856952335 1
3.41 -0.476794854558366 -0.476794854558366 1
3.42 -0.47749345545253286 -0.47749345545253286 1
3.43 -0.4781910357447813 -0.4781910357447813 1
3.44 -0.4788875998951459 -0.4788875998951459 1
3.45 -0.47958315233127197 -0.47958315233127197 1
3.46 -0.4802776974487433 -0.4802776974487433 1
3.47 -0.48097123961140686 -0.48097123961140686 1
3.48 -0.48166378315169184 -0.48166378315169184 1
3.49 -0.4823553323709262 -0.4823553323709262 1
3.5 -0.48304589153964794 -0.48304589153964794 1
3.51 -0.48373546489791297 -0.48373546489791297 1
3.52 -0.4844240566555987 -0.4844240566555987 1
3.53 -0.4851116709927038 -0.4851116709927038 1
3.54 -0.4857983120596448 -0.4857983120596448 1
3.55 -0.48648398397754744 -0.48648398397754744 1
3.56 -0.48716869083853626 -0.48716869083853626 1
3.57 -0.48785243670601874 -0.48785243670601874 1
3.58 -0.488535225614967 -0.488535225614967 1
3.59 -0.48921706157219547 -0.48921706157219547 1
3.6 -0.48989794855663565 -0.48989794855663565 1
3.61 -0.49057789051960615 -0.49057789051960615 1
3.62 -0.4912568913850811 -0.4912568913850811 1
3.63 -0.4919349550499537 -0.4919349550499537 1
3.64 -0.4926120853842978 -0.4926120853842978 1
3.65 -0.49328828623162474 -0.49328828623162474 1
3.66 -0.4939635614091388 -0.4939635614091388 1
3.67 -0.49463791470798785 -0.49463791470798785 1
3.68 -0.4953113498935123 -0.4953113498935123 1
3.69 -0.49598387070548977 -0.49598387070548977 1
3.7 -0.49665548085837796 -0.49665548085837796 1
3.71 -0.4973261840415537 -0.4973261840415537 1
3.72 -0.4979959839195493 -0.4979959839195493 1
3.73 -0.49866488413228643 -0.49866488413228643 1
3.74 -0.4993328882953068 -0.4993328882953068 1
3.75 -0.5 -0.5 1
3.76 -0.500666222813829 -0.500666222813829 1
3.77 -0.5013315602805526 -0.5013315602805526 1
3.78 -0.5019960159204453 -0.5019960159204453 1
3.79 -0.5026595932305149 -0.5026595932305149 1
3.8 -0.5033222956847166 -0.5033222956847166 1
3.81 -0.503984126734166 -0.503984126734166 1
3.82 -0.5046450898073483 -0.5046450898073483 1
3.83 -0.5053051883103253 -0.5053051883103253 1
3.84 -0.5059644256269407 -0.5059644256269407 1
3.85 -0.5066228051190221 -0.5066228051190221 1
3.86 -0.5072803301265814 -0.5072803301265814 1
3.87 -0.5079370039680118 -0.5079370039680118 1
3.88 -0.508592829940284 -0.508592829940284 1
3.89 -0.509247811319139 -0.509247811319139 1
3.9 -0.5099019513592785 -0.5099019513592785 1
3.91 -0.5105552532945545 -0.5105552532945545 1
3.92 -0.511207720338155 -0.511207720338155 1
3.93 -0.5118593556827891 -0.5118593556827891 1
3.94 -0.5125101625008686 -0.5125101625008686 1
3.95 -0.5131601439446885 -0.5131601439446885 1
3.96 -0.5138093031466051 -0.5138093031466051 1
3.97 -0.5144576432192126 -0.5144576432192126 1
3.98 -0.5151051672555162 -0.5151051672555162 1
3.99 -0.5157518783291051 -0.5157518783291051 1
4.0 -0.5163977794943223 -0.5163977794943223 1
4.01 -0.517042873786433 -0.517042873786433 1
4.02 -0.5176871642217914 -0.5176871642217914 1
4.03 -0.5183306537980044 -0.5183306537980044 1
4.04 -0.518973345494095 -0.518973345494095 1
4.05 -0.5196152422706632 -0.5196152422706632 1
4.06 -0.5202563470700445 -0.5202563470700445 1
4.07 -0.5208966628164682 -0.5208966628164682 1
4.08 -0.5215361924162119 -0.5215361924162119 1
4.09 -0.5221749387577563 -0.5221749387577563 1
4.1 -0.5228129047119373 -0.5228129047119373 1
4.11 -0.523450093132096 -0.523450093132096 1
4.12 -0.524086506854228 -0.524086506854228 1
4.13 -0.5247221486971303 -0.5247221486971303 1
4.14 -0.5253570214625479 -0.5253570214625479 1
4.15 -0.5259911279353167 -0.5259911279353167 1
4.16 -0.5266244708835067 -0.5266244708835067 1
4.17 -0.5272570530585627 -0.5272570530585627 1
4.18 -0.5278888771954441 -0.5278888771954441 1
4.19 -0.5285199460127624 -0.5285199460127624 1
4.2 -0.5291502622129182 -0.5291502622129182 1
4.21 -0.5297798284822354 -0.5297798284822354 1
4.22 -0.5304086474910956 -0.5304086474910956 1
4.23 -0.5310367218940701 -0.5310367218940701 1
4.24 -0.5316640543300503 -0.5316640543300503 1
4.25 -0.5322906474223771 -0.5322906474223771 1
4.26 -0.5329165037789692 -0.5329165037789692 1
4.27 -0.5335416259924493 -0.5335416259924493 1
4.28 -0.5341660166402702 -0.5341660166402702 1
4.29 -0.5347896782848375 -0.5347896782848375 1
4.3 -0.5354126134736337 -0.5354126134736337 1
4.31 -0.5360348247393385 -0.5360348247393385 1
4.32 -0.5366563145999497 -0.5366563145999497 1
4.33 -0.5372770855589011 -0.5372770855589011 1
4.34 -0.5378971401051815 -0.5378971401051815 1
4.35 -0.5385164807134504 -0.5385164807134504 1
4.36 -0.5391351098441528 -0.5391351098441528 1
4.37 -0.5397530299436339 -0.5397530299436339 1
4.38 -0.5403702434442519 -0.5403702434442519 1
4.39 -0.5409867527644893 -0.5409867527644893 1
4.4 -0.5416025603090641 -0.5416025603090641 1
4.41 -0.5422176684690384 -0.5422176684690384 1
4.42 -0.5428320796219275 -0.5428320796219275 1
4.43 -0.5434457961318068 -0.5434457961318068 1
4.44 -0.5440588203494178 -0.5440588203494178 1
4.45 -0.544671154612273 -0.544671154612273 1
4.46 -0.5452828012447609 -0.5452828012447609 1
4.47 -0.5458937625582472 -0.5458937625582472 1
4.48 -0.5465040408511787 -0.5465040408511787 1
4.49 -0.5471136384091823 -0.5471136384091823 1
4.5 -0.5477225575051661 -0.5477225575051661 1
4.51 -0.5483308003994182 -0.5483308003994182 1
4.52 -0.548938369339704 -0.548938369339704 1
4.53 -0.5495452665613635 -0.5495452665613635 1
4.54 -0.5501514942874068 -0.5501514942874068 1
4.55 -0.5507570547286101 -0.5507570547286101 1
4.56 -0.5513619500836088 -0.5513619500836088 1
4.57 -0.551966182538991 -0.551966182538991 1
4.58 -0.5525697542693894 -0.5525697542693894 1
4.59 -0.5531726674375732 -0.5531726674375732 1
4.6 -0.5537749241945383 -0.5537749241945383 1
4.61 -0.5543765266795966 -0.5543765266795966 1
4.62 -0.5549774770204643 -0.5549774770204643 1
4.63 -0.5555777773333511 -0.5555777773333511 1
4.64 -0.5561774297230456 -0.5561774297230456 1
4.65 -0.5567764362830022 -0.5567764362830022 1
4.66 -0.5573747990954261 -0.5573747990954261 1
4.67 -0.5579725202313581 -0.5579725202313581 1
4.68 -0.5585696017507576 -0.5585696017507576 1
4.69 -0.5591660457025862 -0.5591660457025862 1
4.7 -0.5597618541248888 -0.5597618541248888 1
4.71 -0.560357029044876 -0.560357029044876 1
4.72 -0.5609515724790035 -0.5609515724790035 1
4.73 -0.5615454864330524 -0.5615454864330524 1
4.74 -0.5621387729022078 -0.5621387729022078 1
4.75 -0.5627314338711378 -0.5627314338711378 1
4.76 -0.5633234713140695 -0.5633234713140695 1
4.77 -0.5639148871948674 -0.5639148871948674 1
4.78 -0.5645056834671079 -0.5645056834671079 1
4.79 -0.5650958620741557 -0.5650958620741557 1
4.8 -0.565685424949238 -0.565685424949238 1
4.81 -0.5662743740155178 -0.5662743740155178 1
4.82 -0.5668627111861684 -0.5668627111861684 1
4.83 -0.5674504383644443 -0.5674504383644443 1
4.84 -0.5680375574437544 -0.5680375574437544 1
4.85 -0.5686240703077327 -0.5686240703077327 1
4.86 -0.5692099788303083 -0.5692099788303083 1
4.87 -0.5697952848757759 -0.5697952848757759 1
4.88 -0.570379990298865 -0.570379990298865 1
4.89 -0.5709640969448079 -0.5709640969448079 1
4.9 -0.5715476066494083 -0.5715476066494083 1
4.91 -0.572130521239108 -0.572130521239108 1
4.92 -0.5727128425310541 -0.5727128425310541 1
4.93 -0.573294572333165 -0.573294572333165 1
4.94 -0.5738757124441958 -0.5738757124441958 1
4.95 -0.5744562646538028 -0.5744562646538028 1
4.96 -0.5750362307426087 -0.5750362307426087 1
4.97 -0.5756156124822652 -0.5756156124822652 1
4.98 -0.5761944116355173 -0.5761944116355173 1
4.99 -0.5767726299562651 -0.5767726299562651 1
5.0 -0.5773502691896258 -0.5773502691896258 1
5.01 -0.5779273310719956 -0.5779273310719956 1
5.02 -0.5785038173311103 -0.5785038173311103 1
5.03 -0.5790797296861058 -0.5790797296861058 1
5.04 -0.5796550698475775 -0.5796550698475775 1
5.05 -0.5802298395176404 -0.5802298395176404 1
5.06 -0.5808040403899867 -0.5808040403899867 1
5.07 -0.5813776741499453 -0.5813776741499453 1
5.08 -0.5819507424745385 -0.5819507424745385 1
5.09 -0.5825232470325398 -0.5825232470325398 1
5.1 -0.58309518948453 -0.58309518948453 1
5.11 -0.5836665714829544 -0.5836665714829544 1
5.12 -0.5842373946721772 -0.5842373946721772 1
5.13 -0.5848076606885378 -0.5848076606885378 1
5.14 -0.5853773711604051 -0.5853773711604051 1
5.15 -0.5859465277082315 -0.5859465277082315 1
5.16 -0.5865151319446072 -0.5865151319446072 1
5.17 -0.587083185474313 -0.587083185474313 1
5.18 -0.5876506898943735 -0.5876506898943735 1
5.19 -0.5882176467941097 -0.5882176467941097 1
5.2 -0.5887840577551898 -0.5887840577551898 1
5.21 -0.589349924351682 -0.589349924351682 1
5.22 -0.589915248150105 -0.589915248150105 1
5.23 -0.5904800307094785 -0.5904800307094785 1
5.24 -0.5910442735813733 -0.5910442735813733 1
5.25 -0.5916079783099616 -0.5916079783099616 1
5.26 -0.5921711464320654 -0.5921711464320654 1
5.27 -0.5927337794772062 -0.5927337794772062 1
5.28 -0.5932958789676531 -0.5932958789676531 1
5.29 -0.5938574464184705 -0.5938574464184705 1
5.3 -0.5944184833375669 -0.5944184833375669 1
5.31 -0.5949789912257406 -0.5949789912257406 1
5.32 -0.5955389715767279 -0.5955389715767279 1
5.33 -0.5960984258772483 -0.5960984258772483 1
5.34 -0.5966573556070519 -0.5966573556070519 1
5.35 -0.5972157622389639 -0.5972157622389639 1
5.36 -0.5977736472389306 -0.5977736472389306 1
5.37 -0.5983310120660636 -0.5983310120660636 1
5.38 -0.5988878581726855 -0.5988878581726855 1
5.39 -0.5994441870043726 -0.5994441870043726 1
5.4 -0.6 -0.6 1
5.41 -0.6005552985917839 -0.6005552985917839 1
5.42 -0.6011100842053254 -0.6011100842053254 1
5.43 -0.6016643582596529 -0.6016643582596529 1
5.44 -0.6022181221672649 -0.6022181221672649 1
5.45 -0.6027713773341709 -0.6027713773341709 1
5.46 -0.6033241251599343 -0.6033241251599343 1
5.47 -0.6038763670377131 -0.6038763670377131 1
5.48 -0.6044281043543006 -0.6044281043543006 1
5.49 -0.604979338490167 -0.604979338490167 1
5.5 -0.6055300708194983 -0.6055300708194983 1
5.51 -0.6060803027102376 -0.6060803027102376 1
5.52 -0.606630035524124 -0.606630035524124 1
5.53 -0.6071792706167319 -0.6071792706167319 1
5.54 -0.6077280093375105 -0.6077280093375105 1
5.55 -0.6082762530298219 -0.6082762530298219 1
5.56 -0.6088240030309799 -0.6088240030309799 1
5.57 -0.6093712606722879 -0.6093712606722879 1
5.58 -0.6099180272790762 -0.6099180272790762 1
5.59 -0.6104643041707407 -0.6104643041707407 1
5.6 -0.6110100926607787 -0.6110100926607787 1
5.61 -0.6115553940568262 -0.6115553940568262 1
5.62 -0.612100209660695 -0.612100209660695 1
5.63 -0.6126445407684078 -0.6126445407684078 1
5.64 -0.6131883886702357 -0.6131883886702357 1
5.65 -0.6137317546507323 -0.6137317546507323 1
5.66 -0.6142746399887703 -0.6142746399887703 1
5.67 -0.6148170459575759 -0.6148170459575759 1
5.68 -0.615358973824764 -0.615358973824764 1
5.69 -0.6159004248523728 -0.6159004248523728 1
5.7 -0.6164414002968976 -0.6164414002968976 1
5.71 -0.6169819014093255 -0.6169819014093255 1
5.72 -0.6175219294351686 -0.6175219294351686 1
5.73 -0.6180614856144977 -0.6180614856144977 1
5.74 -0.6186005711819758 -0.6186005711819758 1
5.75 -0.6191391873668903 -0.6191391873668903 1
5.76 -0.6196773353931867 -0.6196773353931867 1
5.77 -0.6202150164795002 -0.6202150164795002 1
5.78 -0.6207522318391884 -0.6207522318391884 1
5.79 -0.6212889826803626 -0.6212889826803626 1
5.8 -0.621825270205921 -0.621825270205921 1
5.81 -0.622361095613578 -0.622361095613578 1
5.82 -0.6228964600958976 -0.6228964600958976 1
5.83 -0.623431364840322 -0.623431364840322 1
5.84 -0.6239658110292048 -0.6239658110292048 1
5.85 -0.6244997998398397 -0.6244997998398397 1
5.86 -0.6250333324444919 -0.6250333324444919 1
5.87 -0.6255664100104267 -0.6255664100104267 1
5.88 -0.6260990336999411 -0.6260990336999411 1
5.89 -0.626631204670392 -0.626631204670392 1
5.9 -0.6271629240742259 -0.6271629240742259 1
5.91 -0.6276941930590086 -0.6276941930590086 1
5.92 -0.6282250127674531 -0.6282250127674531 1
5.93 -0.628755384337449 -0.628755384337449 1
5.94 -0.629285308902091 -0.629285308902091 1
5.95 -0.6298147875897062 -0.6298147875897062 1
5.96 -0.6303438215238834 -0.6303438215238834 1
5.97 -0.6308724118235002 -0.6308724118235002 1
5.98 -0.6314005596027507 -0.6314005596027507 1
5.99 -0.6319282659711728 -0.6319282659711728 1
6.0 -0.6324555320336759 -0.6324555320336759 1
6.01 -0.6329823588905671 -0.6329823588905671 1
6.02 -0.6335087476375787 -0.6335087476375787 1
6.03 -0.6340346993658944 -0.6340346993658944 1
6.04 -0.6345602151621755 -0.6345602151621755 1
6.05 -0.6350852961085883 -0.6350852961085883 1
6.06 -0.6356099432828282 -0.6356099432828282 1
6.07 -0.6361341577581467 -0.6361341577581467 1
6.08 -0.6366579406033772 -0.6366579406033772 1
6.09 -0.6371812928829595 -0.6371812928829595 1
6.1 -0.6377042156569664 -0.6377042156569664 1
6.11 -0.6382267099811268 -0.6382267099811268 1
6.12 -0.6387487769068525 -0.6387487769068525 1
6.13 -0.6392704174812618 -0.6392704174812618 1
6.14 -0.6397916327472042 -0.6397916327472042 1
6.15 -0.6403124237432849 -0.6403124237432849 1
6.16 -0.6408327915038889 -0.6408327915038889 1
6.17 -0.6413527370592046 -0.6413527370592046 1
6.18 -0.6418722614352484 -0.6418722614352484 1
6.19 -0.6423913656538875 -0.6423913656538875 1
6.2 -0.6429100507328637 -0.6429100507328637 1
6.21 -0.6434283176858165 -0.6434283176858165 1
6.22 -0.6439461675223067 -0.6439461675223067 1
6.23 -0.6444636012478387 -0.6444636012478387 1
6.24 -0.644980619863884 -0.644980619863884 1
6.25 -0.6454972243679028 -0.6454972243679028 1
6.26 -0.6460134157533676 -0.6460134157533676 1
6.27 -0.6465291950097846 -0.6465291950097846 1
6.28 -0.6470445631227162 -0.6470445631227162 1
6.29 -0.6475595210738032 -0.6475595210738032 1
6.3 -0.6480740698407861 -0.6480740698407861 1
6.31 -0.6485882103975269 -0.6485882103975269 1
6.32 -0.6491019437140313 -0.6491019437140313 1
6.33 -0.6496152707564686 -0.6496152707564686 1
6.34 -0.6501281924871946 -0.6501281924871946 1
6.35 -0.6506407098647712 -0.6506407098647712 1
6.36 -0.6511528238439883 -0.6511528238439883 1
6.37 -0.651664535375884 -0.651664535375884 1
6.38 -0.6521758454077653 -0.6521758454077653 1
6.39 -0.6526867548832288 -0.6526867548832288 1
6.4 -0.6531972647421808 -0.6531972647421808 1
6.41 -0.6537073759208576 -0.6537073759208576 1
6.42 -0.654217089351845 -0.654217089351845 1
6.43 -0.6547264059640994 -0.6547264059640994 1
6.44 -0.6552353266829661 -0.6552353266829661 1
6.45 -0.6557438524302001 -0.6557438524302001 1
6.46 -0.6562519841239848 -0.6562519841239848 1
6.47 -0.6567597226789516 -0.6567597226789516 1
6.48 -0.6572670690061994 -0.6572670690061994 1
6.49 -0.6577740240133132 -0.6577740240133132 1
6.5 -0.6582805886043832 -0.6582805886043832 1
6.51 -0.6587867636800241 -0.6587867636800241 1
6.52 -0.6592925501373929 -0.6592925501373929 1
6.53 -0.6597979488702078 -0.6597979488702078 1
6.54 -0.6603029607687672 -0.6603029607687672 1
6.55 -0.660807586719967 -0.660807586719967 1
6.56 -0.6613118276073197 -0.6613118276073197 1
6.57 -0.6618156843109719 -0.6618156843109719 1
6.58 -0.6623191577077223 -0.6623191577077223 1
6.59 -0.6628222486710394 -0.6628222486710394 1
6.6 -0.6633249580710799 -0.6633249580710799 1
6.61 -0.6638272867747051 -0.6638272867747051 1
6.62 -0.6643292356454993 -0.6643292356454993 1
6.63 -0.6648308055437865 -0.6648308055437865 1
6.64 -0.6653319973266479 -0.6653319973266479 1
6.65 -0.6658328118479393 -0.6658328118479393 1
6.66 -0.6663332499583073 -0.6663332499583073 1
6.67 -0.6668333125052066 -0.6668333125052066 1
6.68 -0.6673330003329172 -0.6673330003329172 1
6.69 -0.6678323142825601 -0.6678323142825601 1
6.7 -0.6683312551921141 -0.6683312551921141 1
6.71 -0.6688298238964329 -0.6688298238964329 1
6.72 -0.6693280212272604 -0.6693280212272604 1
6.73 -0.669825848013248 -0.669825848013248 1
6.74 -0.6703233050799692 -0.6703233050799692 1
6.75 -0.6708203932499369 -0.6708203932499369 1
6.76 -0.6713171133426189 -0.6713171133426189 1
6.77 -0.6718134661744534 -0.6718134661744534 1
6.78 -0.6723094525588645 -0.6723094525588645 1
6.79 -0.6728050733062784 -0.6728050733062784 1
6.8 -0.6733003292241385 -0.6733003292241385 1
6.81 -0.6737952211169206 -0.6737952211169206 1
6.82 -0.6742897497861484 -0.6742897497861484 1
6.83 -0.6747839160304084 -0.6747839160304084 1
6.84 -0.6752777206453653 -0.6752777206453653 1
6.85 -0.6757711644237765 -0.6757711644237765 1
6.86 -0.6762642481555071 -0.6762642481555071 1
6.87 -0.6767569726275453 -0.6767569726275453 1
6.88 -0.6772493386240157 -0.6772493386240157 1
6.89 -0.6777413469261953 -0.6777413469261953 1
6.9 -0.6782329983125268 -0.6782329983125268 1
6.91 -0.678724293558634 -0.678724293558634 1
6.92 -0.6792152334373348 -0.6792152334373348 1
6.93 -0.6797058187186571 -0.6797058187186571 1
6.94 -0.6801960501698512 -0.6801960501698512 1
6.95 -0.6806859285554047 -0.6806859285554047 1
6.96 -0.6811754546370561 -0.6811754546370561 1
6.97 -0.6816646291738091 -0.6816646291738091 1
6.98 -0.6821534529219458 -0.6821534529219458 1
6.99 -0.6826419266350405 -0.6826419266350405 1
7.0 -0.6831300510639732 -0.6831300510639732 1
7.01 -0.6836178269569433 -0.6836178269569433 1
7.02 -0.6841052550594828 -0.6841052550594828 1
7.03 -0.6845923361144695 -0.6845923361144695 1
7.04 -0.6850790708621403 -0.6850790708621403 1
7.05 -0.6855654600401044 -0.6855654600401044 1
7.06 -0.6860515043833566 -0.6860515043833566 1
7.07 -0.6865372046242894 -0.6865372046242894 1
7.08 -0.6870225614927068 -0.6870225614927068 1
7.09 -0.6875075757158364 -0.6875075757158364 1
7.1 -0.6879922480183431 -0.6879922480183431 1
7.11 -0.6884765791223403 -0.6884765791223403 1
7.12 -0.6889605697474034 -0.6889605697474034 1
7.13 -0.6894442206105823 -0.6894442206105823 1
7.14 -0.6899275324264136 -0.6899275324264136 1
7.15 -0.6904105059069326 -0.6904105059069326 1
7.16 -0.6908931417616861 -0.6908931417616861 1
7.17 -0.6913754406977441 -0.6913754406977441 1
7.18 -0.6918574034197124 -0.6918574034197124 1
7.19 -0.6923390306297439 -0.6923390306297439 1
7.2 -0.6928203230275509 -0.6928203230275509 1
7.21 -0.6933012813104175 -0.6933012813104175 1
7.22 -0.6937819061732104 -0.6937819061732104 1
7.23 -0.6942621983083913 -0.6942621983083913 1
7.24 -0.6947421584060282 -0.6947421584060282 1
7.25 -0.695221787153807 -0.695221787153807 1
7.26 -0.6957010852370434 -0.6957010852370434 1
7.27 -0.6961800533386938 -0.6961800533386938 1
7.28 -0.696658692139367 -0.696658692139367 1
7.29 -0.697137002317335 -0.697137002317335 1
7.3 -0.697614984548545 -0.697614984548545 1
7.31 -0.6980926395066297 -0.6980926395066297 1
7.32 -0.6985699678629192 -0.6985699678629192 1
7.33 -0.6990469702864512 -0.6990469702864512 1
7.34 -0.6995236474439825 -0.6995236474439825 1
7.35 -0.7 -0.7 1
7.36 -0.7004760286167305 -0.7004760286167305 1
7.37 -0.7009517339541527 -0.7009517339541527 1
7.38 -0.7014271166700073 -0.7014271166700073 1
7.39 -0.7019021774198073 -0.7019021774198073 1
7.4 -0.7023769168568492 -0.7023769168568492 1
7.41 -0.7028513356322231 -0.7028513356322231 1
7.42 -0.7033254343948232 -0.7033254343948232 1
7.43 -0.7037992137913578 -0.7037992137913578 1
7.44 -0.7042726744663603 -0.7042726744663603 1
7.45 -0.7047458170621991 -0.7047458170621991 1
7.46 -0.7052186422190875 -0.7052186422190875 1
7.47 -0.705691150575094 -0.705691150575094 1
7.48 -0.7061633427661527 -0.7061633427661527 1
7.49 -0.7066352194260723 -0.7066352194260723 1
7.5 -0.7071067811865476 -0.7071067811865476 1
7.51 -0.7075780286771676 -0.7075780286771676 1
7.52 -0.7080489625254268 -0.7080489625254268 1
7.53 -0.708519583356734 -0.708519583356734 1
7.54 -0.7089898917944223 -0.7089898917944223 1
7.55 -0.7094598884597587 -0.7094598884597587 1
7.56 -0.7099295739719539 -0.7099295739719539 1
7.57 -0.7103989489481715 -0.7103989489481715 1
7.58 -0.7108680140035374 -0.7108680140035374 1
7.59 -0.7113367697511496 -0.7113367697511496 1
7.6 -0.7118052168020874 -0.7118052168020874 1
7.61 -0.7122733557654205 -0.7122733557654205 1
7.62 -0.7127411872482184 -0.7127411872482184 1
7.63 -0.7132087118555596 -0.7132087118555596 1
7.64 -0.7136759301905405 -0.7136759301905405 1
7.65 -0.714142842854285 -0.714142842854285 1
7.66 -0.7146094504459529 -0.7146094504459529 1
7.67 -0.715075753562749 -0.715075753562749 1
7.68 -0.7155417527999327 -0.7155417527999327 1
7.69 -0.716007448750826 -0.716007448750826 1
7.7 -0.7164728420068226 -0.7164728420068226 1
7.71 -0.7169379331573968 -0.7169379331573968 1
7.72 -0.7174027227901123 -0.7174027227901123 1
7.73 -0.7178672114906303 -0.7178672114906303 1
7.74 -0.7183313998427188 -0.7183313998427188 1
7.75 -0.7187952884282608 -0.7187952884282608 1
7.76 -0.7192588778272628 -0.7192588778272628 1
7.77 -0.7197221686178633 -0.7197221686178633 1
7.78 -0.7201851613763413 -0.7201851613763413 1
7.79 -0.7206478566771245 -0.7206478566771245 1
7.8 -0.7211102550927979 -0.7211102550927979 1
7.81 -0.7215723571941116 -0.7215723571941116 1
7.82 -0.7220341635499898 -0.7220341635499898 1
7.83 -0.7224956747275377 -0.7224956747275377 1
7.84 -0.7229568912920512 -0.7229568912920512 1
7.85 -0.7234178138070235 -0.7234178138070235 1
7.86 -0.7238784428341544 -0.7238784428341544 1
7.87 -0.724338778933357 -0.724338778933357 1
7.88 -0.7247988226627672 -0.7247988226627672 1
7.89 -0.7252585745787498 -0.7252585745787498 1
7.9 -0.7257180352359079 -0.7257180352359079 1
7.91 -0.7261772051870903 -0.7261772051870903 1
7.92 -0.7266360849833979 -0.7266360849833979 1
7.93 -0.7270946751741939 -0.7270946751741939 1
7.94 -0.7275529763071095 -0.7275529763071095 1
7.95 -0.7280109889280518 -0.7280109889280518 1
7.96 -0.7284687135812126 -0.7284687135812126 1
7.97 -0.7289261508090743 -0.7289261508090743 1
7.98 -0.7293833011524188 -0.7293833011524188 1
7.99 -0.7298401651503339 -0.7298401651503339 1
8.0 -0.7302967433402215 -0.7302967433402215 1
8.01 -0.7307530362578043 -0.7307530362578043 1
8.02 -0.7312090444371341 -0.7312090444371341 1
8.03 -0.7316647684105975 -0.7316647684105975 1
8.04 -0.7321202087089251 -0.7321202087089251 1
8.05 -0.732575365861197 -0.732575365861197 1
8.06 -0.7330302403948512 -0.7330302403948512 1
8.07 -0.7334848328356899 -0.7334848328356899 1
8.08 -0.7339391437078873 -0.7339391437078873 1
8.09 -0.7343931735339955 -0.7343931735339955 1
8.1 -0.7348469228349533 -0.7348469228349533 1
8.11 -0.7353003921300918 -0.7353003921300918 1
8.12 -0.735753581937141 -0.735753581937141 1
8.13 -0.7362064927722385 -0.7362064927722385 1
8.14 -0.7366591251499344 -0.7366591251499344 1
8.15 -0.7371114795831993 -0.7371114795831993 1
8.16 -0.7375635565834311 -0.7375635565834311 1
8.17 -0.7380153566604605 -0.7380153566604605 1
8.18 -0.7384668803225594 -0.7384668803225594 1
8.19 -0.7389181280764466 -0.7389181280764466 1
8.2 -0.7393691004272944 -0.7393691004272944 1
8.21 -0.7398197978787358 -0.7398197978787358 1
8.22 -0.7402702209328699 -0.7402702209328699 1
8.23 -0.7407203700902701 -0.7407203700902701 1
8.24 -0.7411702458499891 -0.7411702458499891 1
8.25 -0.7416198487095663 -0.7416198487095663 1
8.26 -0.7420691791650336 -0.7420691791650336 1
8.27 -0.742518237710922 -0.742518237710922 1
8.28 -0.7429670248402683 -0.7429670248402683 1
8.29 -0.743415541044621 -0.743415541044621 1
8.3 -0.7438637868140466 -0.7438637868140466 1
8.31 -0.7443117626371358 -0.7443117626371358 1
8.32 -0.7447594690010103 -0.7447594690010103 1
8.33 -0.7452069063913279 -0.7452069063913279 1
8.34 -0.7456540752922899 -0.7456540752922899 1
8.35 -0.7461009761866464 -0.7461009761866464 1
8.36 -0.7465476095557022 -0.7465476095557022 1
8.37 -0.7469939758793239 -0.7469939758793239 1
8.38 -0.7474400756359447 -0.7474400756359447 1
8.39 -0.7478859093025709 -0.7478859093025709 1
8.4 -0.7483314773547883 -0.7483314773547883 1
8.41 -0.7487767802667673 -0.7487767802667673 1
8.42 -0.7492218185112693 -0.7492218185112693 1
8.43 -0.7496665925596524 -0.7496665925596524 1
8.44 -0.7501111028818775 -0.7501111028818775 1
8.45 -0.7505553499465134 -0.7505553499465134 1
8.46 -0.7509993342207435 -0.7509993342207435 1
8.47 -0.7514430561703705 -0.7514430561703705 1
8.48 -0.7518865162598232 -0.7518865162598232 1
8.49 -0.7523297149521612 -0.7523297149521612 1
8.5 -0.752772652709081 -0.752772652709081 1
8.51 -0.7532153299909219 -0.7532153299909219 1
8.52 -0.7536577472566709 -0.7536577472566709 1
8.53 -0.7540999049639687 -0.7540999049639687 1
8.54 -0.7545418035691153 -0.7545418035691153 1
8.55 -0.754983443527075 -0.754983443527075 1
8.56 -0.7554248252914825 -0.7554248252914825 1
8.57 -0.7558659493146476 -0.7558659493146476 1
8.58 -0.7563068160475613 -0.7563068160475613 1
8.59 -0.7567474259399014 -0.7567474259399014 1
8.6 -0.7571877794400365 -0.7571877794400365 1
8.61 -0.7576278769950324 -0.7576278769950324 1
8.62 -0.7580677190506575 -0.7580677190506575 1
8.63 -0.7585073060513877 -0.7585073060513877 1
8.64 -0.7589466384404111 -0.7589466384404111 1
8.65 -0.7593857166596345 -0.7593857166596345 1
8.66 -0.7598245411496876 -0.7598245411496876 1
8.67 -0.7602631123499285 -0.7602631123499285 1
8.68 -0.7607014306984486 -0.7607014306984486 1
8.69 -0.7611394966320781 -0.7611394966320781 1
8.7 -0.7615773105863909 -0.7615773105863909 1
8.71 -0.762014872995709 -0.762014872995709 1
8.72 -0.7624521842931091 -0.7624521842931091 1
8.73 -0.7628892449104261 -0.7628892449104261 1
8.74 -0.7633260552782583 -0.7633260552782583 1
8.75 -0.7637626158259733 -0.7637626158259733 1
8.76 -0.764198926981712 -0.764198926981712 1
8.77 -0.7646349891723936 -0.7646349891723936 1
8.78 -0.7650708028237212 -0.7650708028237212 1
8.79 -0.7655063683601855 -0.7655063683601855 1
8.8 -0.7659416862050705 -0.7659416862050705 1
8.81 -0.766376756780458 -0.766376756780458 1
8.82 -0.7668115805072325 -0.7668115805072325 1
8.83 -0.7672461578050859 -0.7672461578050859 1
8.84 -0.7676804890925216 -0.7676804890925216 1
8.85 -0.7681145747868608 -0.7681145747868608 1
8.86 -0.7685484153042452 -0.7685484153042452 1
8.87 -0.7689820110596433 -0.7689820110596433 1
8.88 -0.7694153624668538 -0.7694153624668538 1
8.89 -0.7698484699385112 -0.7698484699385112 1
8.9 -0.7702813338860895 -0.7702813338860895 1
8.91 -0.7707139547199078 -0.7707139547199078 1
8.92 -0.7711463328491336 -0.7711463328491336 1
8.93 -0.7715784686817883 -0.7715784686817883 1
8.94 -0.7720103626247513 -0.7720103626247513 1
8.95 -0.7724420150837645 -0.7724420150837645 1
8.96 -0.7728734264634368 -0.7728734264634368 1
8.97 -0.7733045971672482 -0.7733045971672482 1
8.98 -0.773735527597555 -0.773735527597555 1
8.99 -0.7741662181555931 -0.7741662181555931 1
9.0 -0.7745966692414833 -0.7745966692414833 1
9.01 -0.7750268812542355 -0.7750268812542355 1
9.02 -0.7754568545917518 -0.7754568545917518 1
9.03 -0.7758865896508329 -0.7758865896508329 1
9.04 -0.7763160868271807 -0.7763160868271807 1
9.05 -0.776745346515403 -0.776745346515403 1
9.06 -0.7771743691090179 -0.7771743691090179 1
9.07 -0.7776031550004583 -0.7776031550004583 1
9.08 -0.7780317045810751 -0.7780317045810751 1
9.09 -0.7784600182411425 -0.7784600182411425 1
9.1 -0.7788880963698616 -0.7788880963698616 1
9.11 -0.7793159393553639 -0.7793159393553639 1
9.12 -0.7797435475847171 -0.7797435475847171 1
9.13 -0.7801709214439274 -0.7801709214439274 1
9.14 -0.7805980613179445 -0.7805980613179445 1
9.15 -0.7810249675906654 -0.7810249675906654 1
9.16 -0.7814516406449389 -0.7814516406449389 1
9.17 -0.7818780808625686 -0.7818780808625686 1
9.18 -0.7823042886243178 -0.7823042886243178 1
9.19 -0.7827302643099132 -0.7827302643099132 1
9.2 -0.7831560082980487 -0.7831560082980487 1
9.21 -0.7835815209663893 -0.7835815209663893 1
9.22 -0.7840068026915753 -0.7840068026915753 1
9.23 -0.784431853849226 -0.784431853849226 1
9.24 -0.7848566748139433 -0.7848566748139433 1
9.25 -0.7852812659593165 -0.7852812659593165 1
9.26 -0.7857056276579246 -0.7857056276579246 1
9.27 -0.7861297602813418 -0.7861297602813418 1
9.28 -0.78655366420014 -0.78655366420014 1
9.29 -0.7869773397838933 -0.7869773397838933 1
9.3 -0.787400787401181 -0.787400787401181 1
9.31 -0.7878240074195928 -0.7878240074195928 1
9.32 -0.7882470002057308 -0.7882470002057308 1
9.33 -0.7886697661252141 -0.7886697661252141 1
9.34 -0.7890923055426828 -0.7890923055426828 1
9.35 -0.7895146188218007 -0.7895146188218007 1
9.36 -0.7899367063252599 -0.7899367063252599 1
9.37 -0.7903585684147838 -0.7903585684147838 1
9.38 -0.7907802054511313 -0.7907802054511313 1
9.39 -0.7912016177940994 -0.7912016177940994 1
9.4 -0.7916228058025278 -0.7916228058025278 1
9.41 -0.7920437698343024 -0.7920437698343024 1
9.42 -0.792464510246358 -0.792464510246358 1
9.43 -0.7928850273946826 -0.7928850273946826 1
9.44 -0.7933053216343209 -0.7933053216343209 1
9.45 -0.7937253933193772 -0.7937253933193772 1
9.46 -0.7941452428030193 -0.7941452428030193 1
9.47 -0.7945648704374826 -0.7945648704374826 1
9.48 -0.7949842765740717 -0.7949842765740717 1
9.49 -0.7954034615631659 -0.7954034615631659 1
9.5 -0.7958224257542216 -0.7958224257542216 1
9.51 -0.7962411694957754 -0.7962411694957754 1
9.52 -0.7966596931354483 -0.7966596931354483 1
9.53 -0.7970779970199486 -0.7970779970199486 1
9.54 -0.7974960814950754 -0.7974960814950754 1
9.55 -0.7979139469057216 -0.7979139469057216 1
9.56 -0.7983315935958776 -0.7983315935958776 1
9.57 -0.7987490219086343 -0.7987490219086343 1
9.58 -0.799166232186187 -0.799166232186187 1
9.59 -0.799583224769838 -0.799583224769838 1
9.6 -0.8 -0.8 1
9.61 -0.8004165582161994 -0.8004165582161994 1
9.62 -0.8008328997570799 -0.8008328997570799 1
9.63 -0.8012490249604053 -0.8012490249604053 1
9.64 -0.8016649341630622 -0.8016649341630622 1
9.65 -0.8020806277010644 -0.8020806277010644 1
9.66 -0.8024961059095551 -0.8024961059095551 1
9.67 -0.8029113691228109 -0.8029113691228109 1
9.68 -0.8033264176742436 -0.8033264176742436 1
9.69 -0.8037412518964048 -0.8037412518964048 1
9.7 -0.8041558721209879 -0.8041558721209879 1
9.71 -0.8045702786788319 -0.8045702786788319 1
9.72 -0.8049844718999244 -0.8049844718999244 1
9.73 -0.8053984521134038 -0.8053984521134038 1
9.74 -0.8058122196475637 -0.8058122196475637 1
9.75 -0.8062257748298549 -0.8062257748298549 1
9.76 -0.8066391179868894 -0.8066391179868894 1
9.77 -0.8070522494444415 -0.8070522494444415 1
9.78 -0.807465169527454 -0.807465169527454 1
9.79 -0.8078778785600375 -0.8078778785600375 1
9.8 -0.808290376865476 -0.808290376865476 1
9.81 -0.8087026647662292 -0.8087026647662292 1
9.82 -0.8091147425839346 -0.8091147425839346 1
9.83 -0.8095266106394114 -0.8095266106394114 1
9.84 -0.8099382692526634 -0.8099382692526634 1
9.85 -0.8103497187428812 -0.8103497187428812 1
9.86 -0.8107609594284454 -0.8107609594284454 1
9.87 -0.8111719916269299 -0.8111719916269299 1
9.88 -0.8115828156551042 -0.8115828156551042 1
9.89 -0.8119934318289364 -0.8119934318289364 1
9.9 -0.812403840463596 -0.812403840463596 1
9.91 -0.8128140418734574 -0.8128140418734574 1
9.92 -0.8132240363721017 -0.8132240363721017 1
9.93 -0.8136338242723197 -0.8136338242723197 1
9.94 -0.8140434058861153 -0.8140434058861153 1
9.95 -0.8144527815247077 -0.8144527815247077 1
9.96 -0.8148619514985345 -0.8148619514985345 1
9.97 -0.8152709161172541 -0.8152709161172541 1
9.98 -0.8156796756897486 -0.8156796756897486 1
9.99 -0.8160882305241266 -0.8160882305241266 1
10.0 -0.816496580927726 -0.816496580927726 1
10.01 -0.8169047272071165 -0.8169047272071165 1
10.02 -0.8173126696681019 -0.8173126696681019 1
10.03 -0.817720408615724 -0.817720408615724 1
10.04 -0.8181279443542638 -0.8181279443542638 1
10.05 -0.818535277187245 -0.818535277187245 1
10.06 -0.8189424074174366 -0.8189424074174366 1
10.07 -0.8193493353468552 -0.8193493353468552 1
10.08 -0.8197560612767679 -0.8197560612767679 1
10.09 -0.8201625855076947 -0.8201625855076947 1
10.1 -0.8205689083394113 -0.8205689083394113 1
10.11 -0.8209750300709515 -0.8209750300709515 1
10.12 -0.82138095100061 -0.82138095100061 1
10.13 -0.8217866714259446 -0.8217866714259446 1
10.14 -0.8221921916437788 -0.8221921916437788 1
10.15 -0.8225975119502045 -0.8225975119502045 1
10.16 -0.8230026326405847 -0.8230026326405847 1
10.17 -0.8234075540095561 -0.8234075540095561 1
10.18 -0.8238122763510305 -0.8238122763510305 1
10.19 -0.8242167999581987 -0.8242167999581987 1
10.2 -0.824621125123532 -0.824621125123532 1
10.21 -0.8250252521387856 -0.8250252521387856 1
10.22 -0.8254291812949996 -0.8254291812949996 1
10.23 -0.8258329128825033 -0.8258329128825033 1
10.24 -0.8262364471909156 -0.8262364471909156 1
10.25 -0.8266397845091497 -0.8266397845091497 1
10.26 -0.8270429251254133 -0.8270429251254133 1
10.27 -0.8274458693272125 -0.8274458693272125 1
10.28 -0.827848617401354 -0.827848617401354 1
10.29 -0.8282511696339462 -0.8282511696339462 1
10.3 -0.8286535263104036 -0.8286535263104036 1
10.31 -0.8290556877154474 -0.8290556877154474 1
10.32 -0.8294576541331088 -0.8294576541331088 1
10.33 -0.8298594258467313 -0.8298594258467313 1
10.34 -0.8302610031389727 -0.8302610031389727 1
10.35 -0.8306623862918074 -0.8306623862918074 1
10.36 -0.8310635755865291 -0.8310635755865291 1
10.37 -0.8314645713037527 -0.8314645713037527 1
10.38 -0.831865373723417 -0.831865373723417 1
10.39 -0.8322659831247862 -0.8322659831247862 1
10.4 -0.8326663997864531 -0.8326663997864531 1
10.41 -0.8330666239863411 -0.8330666239863411 1
10.42 -0.8334666560017063 -0.8334666560017063 1
10.43 -0.8338664961091393 -0.8338664961091393 1
10.44 -0.8342661445845684 -0.8342661445845684 1
10.45 -0.834665601703261 -0.834665601703261 1
10.46 -0.8350648677398261 -0.8350648677398261 1
10.47 -0.8354639429682169 -0.8354639429682169 1
10.48 -0.8358628276617323 -0.8358628276617323 1
10.49 -0.8362615220930193 -0.8362615220930193 1
10.5 -0.8366600265340755 -0.8366600265340755 1
10.51 -0.8370583412562511 -0.8370583412562511 1
10.52 -0.8374564665302509 -0.8374564665302509 1
10.53 -0.8378544026261364 -0.8378544026261364 1
10.54 -0.8382521498133283 -0.8382521498133283 1
10.55 -0.8386497083606083 -0.8386497083606083 1
10.56 -0.8390470785361213 -0.8390470785361213 1
10.57 -0.8394442606073775 -0.8394442606073775 1
10.58 -0.8398412548412547 -0.8398412548412547 1
10.59 -0.8402380615040002 -0.8402380615040002 1
10.6 -0.8406346808612327 -0.8406346808612327 1
10.61 -0.8410311131779449 -0.8410311131779449 1
10.62 -0.8414273587185052 -0.8414273587185052 1
10.63 -0.8418234177466595 -0.8418234177466595 1
10.64 -0.8422192905255338 -0.8422192905255338 1
10.65 -0.8426149773176359 -0.8426149773176359 1
10.66 -0.8430104783848578 -0.8430104783848578 1
10.67 -0.843405793988477 -0.843405793988477 1
10.68 -0.8438009243891594 -0.8438009243891594 1
10.69 -0.8441958698469608 -0.8441958698469608 1
10.7 -0.8445906306213284 -0.8445906306213284 1
10.71 -0.8449852069711044 -0.8449852069711044 1
10.72 -0.8453795991545259 -0.8453795991545259 1
10.73 -0.8457738074292284 -0.8457738074292284 1
10.74 -0.8461678320522472 -0.8461678320522472 1
10.75 -0.8465616732800196 -0.8465616732800196 1
10.76 -0.8469553313683865 -0.8469553313683865 1
10.77 -0.8473488065725944 -0.8473488065725944 1
10.78 -0.8477420991472976 -0.8477420991472976 1
10.79 -0.8481352093465602 -0.8481352093465602 1
10.8 -0.848528137423857 -0.848528137423857 1
10.81 -0.8489208836320772 -0.8489208836320772 1
10.82 -0.8493134482235245 -0.8493134482235245 1
10.83 -0.8497058314499201 -0.8497058314499201 1
10.84 -0.8500980335624042 -0.8500980335624042 1
10.85 -0.8504900548115383 -0.8504900548115383 1
10.86 -0.8508818954473057 -0.8508818954473057 1
10.87 -0.8512735557191158 -0.8512735557191158 1
10.88 -0.8516650358758034 -0.8516650358758034 1
10.89 -0.8520563361656317 -0.8520563361656317 1
10.9 -0.8524474568362947 -0.8524474568362947 1
10.91 -0.8528383981349184 -0.8528383981349184 1
10.92 -0.8532291603080616 -0.8532291603080616 1
10.93 -0.8536197436017203 -0.8536197436017203 1
10.94 -0.8540101482613268 -0.8540101482613268 1
10.95 -0.8544003745317531 -0.8544003745317531 1
10.96 -0.8547904226573124 -0.8547904226573124 1
10.97 -0.8551802928817603 -0.8551802928817603 1
10.98 -0.8555699854482975 -0.8555699854482975 1
10.99 -0.8559595005995708 -0.8559595005995708 1
11.0 -0.8563488385776753 -0.8563488385776753 1
11.01 -0.8567379996241559 -0.8567379996241559 1
11.02 -0.857126983980009 -0.857126983980009 1
11.03 -0.8575157918856849 -0.8575157918856849 1
11.04 -0.8579044235810886 -0.8579044235810886 1
11.05 -0.8582928793055822 -0.8582928793055822 1
11.06 -0.858681159297986 -0.858681159297986 1
11.07 -0.8590692637965812 -0.8590692637965812 1
11.08 -0.8594571930391104 -0.8594571930391104 1
11.09 -0.8598449472627803 -0.8598449472627803 1
11.1 -0.8602325267042626 -0.8602325267042626 1
11.11 -0.8606199315996966 -0.8606199315996966 1
11.12 -0.8610071621846901 -0.8610071621846901 1
11.13 -0.8613942186943213 -0.8613942186943213 1
11.14 -0.8617811013631401 -0.8617811013631401 1
11.15 -0.8621678104251708 -0.8621678104251708 1
11.16 -0.862554346113913 -0.862554346113913 1
11.17 -0.862940708662343 -0.862940708662343 1
11.18 -0.8633268983029159 -0.8633268983029159 1
11.19 -0.8637129152675674 -0.8637129152675674 1
11.2 -0.8640987597877147 -0.8640987597877147 1
11.21 -0.8644844320942588 -0.8644844320942588 1
11.22 -0.8648699324175861 -0.8648699324175861 1
11.23 -0.8652552609875693 -0.8652552609875693 1
11.24 -0.8656404180335697 -0.8656404180335697 1
11.25 -0.8660254037844387 -0.8660254037844387 1
11.26 -0.8664102184685188 -0.8664102184685188 1
11.27 -0.8667948623136464 -0.8667948623136464 1
11.28 -0.8671793355471519 -0.8671793355471519 1
11.29 -0.8675636383958624 -0.8675636383958624 1
11.3 -0.8679477710861024 -0.8679477710861024 1
11.31 -0.8683317338436964 -0.8683317338436964 1
11.32 -0.8687155268939694 -0.8687155268939694 1
11.33 -0.8690991504617487 -0.8690991504617487 1
11.34 -0.8694826047713663 -0.8694826047713663 1
11.35 -0.8698658900466593 -0.8698658900466593 1
11.36 -0.8702490065109717 -0.8702490065109717 1
11.37 -0.8706319543871567 -0.8706319543871567 1
11.38 -0.8710147338975769 -0.8710147338975769 1
11.39 -0.8713973452641071 -0.8713973452641071 1
11.4 -0.8717797887081348 -0.8717797887081348 1
11.41 -0.8721620644505622 -0.8721620644505622 1
11.42 -0.8725441727118081 -0.8725441727118081 1
11.43 -0.8729261137118077 -0.8729261137118077 1
11.44 -0.8733078876700168 -0.8733078876700168 1
11.45 -0.8736894948054104 -0.8736894948054104 1
11.46 -0.8740709353364864 -0.8740709353364864 1
11.47 -0.8744522094812653 -0.8744522094812653 1
11.48 -0.8748333174572933 -0.8748333174572933 1
11.49 -0.8752142594816426 -0.8752142594816426 1
11.5 -0.8755950357709132 -0.8755950357709132 1
11.51 -0.8759756465412342 -0.8759756465412342 1
11.52 -0.8763560920082657 -0.8763560920082657 1
11.53 -0.8767363723871997 -0.8767363723871997 1
11.54 -0.8771164878927618 -0.8771164878927618 1
11.55 -0.8774964387392122 -0.8774964387392122 1
11.56 -0.8778762251403478 -0.8778762251403478 1
11.57 -0.8782558473095032 -0.8782558473095032 1
11.58 -0.8786353054595518 -0.8786353054595518 1
11.59 -0.8790145998029081 -0.8790145998029081 1
11.6 -0.8793937305515279 -0.8793937305515279 1
11.61 -0.8797726979169108 -0.8797726979169108 1
11.62 -0.8801515021101007 -0.8801515021101007 1
11.63 -0.8805301433416879 -0.8805301433416879 1
11.64 -0.8809086218218097 -0.8809086218218097 1
11.65 -0.8812869377601523 -0.8812869377601523 1
11.66 -0.8816650913659525 -0.8816650913659525 1
11.67 -0.8820430828479979 -0.8820430828479979 1
11.68 -0.8824209124146292 -0.8824209124146292 1
11.69 -0.8827985802737414 -0.8827985802737414 1
11.7 -0.8831760866327847 -0.8831760866327847 1
11.71 -0.8835534316987664 -0.8835534316987664 1
11.72 -0.8839306156782519 -0.8839306156782519 1
11.73 -0.8843076387773657 -0.8843076387773657 1
11.74 -0.8846845012017938 -0.8846845012017938 1
11.75 -0.8850612031567836 -0.8850612031567836 1
11.76 -0.8854377448471463 -0.8854377448471463 1
11.77 -0.8858141264772574 -0.8858141264772574 1
11.78 -0.886190348251059 -0.886190348251059 1
11.79 -0.8865664103720601 -0.8865664103720601 1
11.8 -0.886942313043338 -0.886942313043338 1
11.81 -0.8873180564675405 -0.8873180564675405 1
11.82 -0.8876936408468858 -0.8876936408468858 1
11.83 -0.8880690663831652 -0.8880690663831652 1
11.84 -0.888444333277743 -0.888444333277743 1
11.85 -0.8888194417315589 -0.8888194417315589 1
11.86 -0.8891943919451284 -0.8891943919451284 1
11.87 -0.8895691841185447 -0.8895691841185447 1
11.88 -0.8899438184514796 -0.8899438184514796 1
11.89 -0.8903182951431846 -0.8903182951431846 1
11.9 -0.8906926143924925 -0.8906926143924925 1
11.91 -0.8910667763978186 -0.8910667763978186 1
11.92 -0.8914407813571615 -0.8914407813571615 1
11.93 -0.8918146294681049 -0.8918146294681049 1
11.94 -0.8921883209278184 -0.8921883209278184 1
11.95 -0.8925618559330589 -0.8925618559330589 1
11.96 -0.8929352346801718 -0.8929352346801718 1
11.97 -0.8933084573650919 -0.8933084573650919 1
11.98 -0.893681524183345 -0.893681524183345 1
11.99 -0.8940544353300494 -0.8940544353300494 1
12.0 -0.894427190999916 -0.894427190999916 1
12.01 -0.8947997913872503 -0.8947997913872503 1
12.02 -0.8951722366859537 -0.8951722366859537 1
12.03 -0.8955445270895245 -0.8955445270895245 1
12.04 -0.8959166627910581 -0.8959166627910581 1
12.05 -0.8962886439832501 -0.8962886439832501 1
12.06 -0.8966604708583958 -0.8966604708583958 1
12.07 -0.897032143608392 -0.897032143608392 1
12.08 -0.8974036624247381 -0.8974036624247381 1
12.09 -0.8977750274985377 -0.8977750274985377 1
12.1 -0.8981462390204986 -0.8981462390204986 1
12.11 -0.8985172971809353 -0.8985172971809353 1
12.12 -0.8988882021697692 -0.8988882021697692 1
12.13 -0.8992589541765301 -0.8992589541765301 1
12.14 -0.8996295533903571 -0.8996295533903571 1
12.15 -0.9 -0.9 1
12.16 -0.9003702941938204 -0.9003702941938204 1
12.17 -0.9007404361597925 -0.9007404361597925 1
12.18 -0.9011104260855048 -0.9011104260855048 1
12.19 -0.9014802641581603 -0.9014802641581603 1
12.2 -0.9018499505645788 -0.9018499505645788 1
12.21 -0.9022194854911968 -0.9022194854911968 1
12.22 -0.9025888691240695 -0.9025888691240695 1
12.23 -0.9029581016488712 -0.9029581016488712 1
12.24 -0.9033271832508972 -0.9033271832508972 1
12.25 -0.9036961141150639 -0.9036961141150639 1
12.26 -0.9040648944259109 -0.9040648944259109 1
12.27 -0.904433524367601 -0.904433524367601 1
12.28 -0.9048020041239225 -0.9048020041239225 1
12.29 -0.905170333878289 -0.905170333878289 1
12.3 -0.9055385138137416 -0.9055385138137416 1
12.31 -0.9059065441129491 -0.9059065441129491 1
12.32 -0.9062744249582095 -0.9062744249582095 1
12.33 -0.9066421565314509 -0.9066421565314509 1
12.34 -0.9070097390142328 -0.9070097390142328 1
12.35 -0.9073771725877466 -0.9073771725877466 1
12.36 -0.9077444574328174 -0.9077444574328174 1
12.37 -0.9081115937299042 -0.9081115937299042 1
12.38 -0.9084785816591019 -0.9084785816591019 1
12.39 -0.9088454214001411 -0.9088454214001411 1
12.4 -0.9092121131323904 -0.9092121131323904 1
12.41 -0.9095786570348566 -0.9095786570348566 1
12.42 -0.9099450532861861 -0.9099450532861861 1
12.43 -0.9103113020646655 -0.9103113020646655 1
12.44 -0.9106774035482232 -0.9106774035482232 1
12.45 -0.9110433579144299 -0.9110433579144299 1
12.46 -0.9114091653404999 -0.9114091653404999 1
12.47 -0.911774826003292 -0.911774826003292 1
12.48 -0.9121403400793103 -0.9121403400793103 1
12.49 -0.912505707744706 -0.912505707744706 1
12.5 -0.9128709291752769 -0.9128709291752769 1
12.51 -0.9132360045464699 -0.9132360045464699 1
12.52 -0.9136009340333812 -0.9136009340333812 1
12.53 -0.9139657178107575 -0.9139657178107575 1
12.54 -0.9143303560529968 -0.9143303560529968 1
12.55 -0.9146948489341497 -0.9146948489341497 1
12.56 -0.9150591966279195 -0.9150591966279195 1
12.57 -0.9154233993076647 -0.9154233993076647 1
12.58 -0.9157874571463985 -0.9157874571463985 1
12.59 -0.9161513703167906 -0.9161513703167906 1
12.6 -0.916515138991168 -0.916515138991168 1
12.61 -0.9168787633415153 -0.9168787633415153 1
12.62 -0.917242243539477 -0.917242243539477 1
12.63 -0.917605579756357 -0.917605579756357 1
12.64 -0.9179687721631205 -0.9179687721631205 1
12.65 -0.918331820930394 -0.918331820930394 1
12.66 -0.9186947262284682 -0.9186947262284682 1
12.67 -0.9190574882272962 -0.9190574882272962 1
12.68 -0.9194201070964966 -0.9194201070964966 1
12.69 -0.9197825830053535 -0.9197825830053535 1
12.7 -0.9201449161228173 -0.9201449161228173 1
12.71 -0.9205071066175065 -0.9205071066175065 1
12.72 -0.920869154657707 -0.920869154657707 1
12.73 -0.9212310604113753 -0.9212310604113753 1
12.74 -0.9215928240461366 -0.9215928240461366 1
12.75 -0.9219544457292888 -0.9219544457292888 1
12.76 -0.9223159256278007 -0.9223159256278007 1
12.77 -0.9226772639083144 -0.9226772639083144 1
12.78 -0.9230384607371461 -0.9230384607371461 1
12.79 -0.9233995162802863 -0.9233995162802863 1
12.8 -0.9237604307034012 -0.9237604307034012 1
12.81 -0.9241212041718337 -0.9241212041718337 1
12.82 -0.9244818368506039 -0.9244818368506039 1
12.83 -0.9248423289044102 -0.9248423289044102 1
12.84 -0.9252026804976302 -0.9252026804976302 1
12.85 -0.9255628917943214 -0.9255628917943214 1
12.86 -0.9259229629582221 -0.9259229629582221 1
12.87 -0.9262828941527528 -0.9262828941527528 1
12.88 -0.9266426855410163 -0.9266426855410163 1
12.89 -0.9270023372857986 -0.9270023372857986 1
12.9 -0.9273618495495703 -0.9273618495495703 1
12.91 -0.9277212224944876 -0.9277212224944876 1
12.92 -0.9280804562823923 -0.9280804562823923 1
12.93 -0.9284395510748128 -0.9284395510748128 1
12.94 -0.928798507032966 -0.928798507032966 1
12.95 -0.9291573243177569 -0.9291573243177569 1
12.96 -0.9295160030897801 -0.9295160030897801 1
12.97 -0.9298745435093203 -0.9298745435093203 1
12.98 -0.9302329457363534 -0.9302329457363534 1
12.99 -0.9305912099305473 -0.9305912099305473 1
13.0 -0.9309493362512627 -0.9309493362512627 1
13.01 -0.9313073248575539 -0.9313073248575539 1
13.02 -0.9316651759081692 -0.9316651759081692 1
13.03 -0.9320228895615529 -0.9320228895615529 1
13.04 -0.9323804659758447 -0.9323804659758447 1
13.05 -0.9327379053088815 -0.9327379053088815 1
13.06 -0.9330952077181978 -0.9330952077181978 1
13.07 -0.9334523733610266 -0.9334523733610266 1
13.08 -0.9338094023943001 -0.9338094023943001 1
13.09 -0.934166294974651 -0.934166294974651 1
13.1 -0.9345230512584125 -0.9345230512584125 1
13.11 -0.9348796714016194 -0.9348796714016194 1
13.12 -0.9352361555600096 -0.9352361555600096 1
13.13 -0.935592503889024 -0.935592503889024 1
13.14 -0.9359487165438073 -0.9359487165438073 1
13.15 -0.9363047936792093 -0.9363047936792093 1
13.16 -0.9366607354497857 -0.9366607354497857 1
13.17 -0.9370165420097983 -0.9370165420097983 1
13.18 -0.9373722135132162 -0.9373722135132162 1
13.19 -0.9377277501137169 -0.9377277501137169 1
13.2 -0.9380831519646858 -0.9380831519646858 1
13.21 -0.938438419219219 -0.938438419219219 1
13.22 -0.9387935520301219 -0.9387935520301219 1
13.23 -0.9391485505499116 -0.9391485505499116 1
13.24 -0.9395034149308169 -0.9395034149308169 1
13.25 -0.939858145324779 -0.939858145324779 1
13.26 -0.9402127418834527 -0.9402127418834527 1
13.27 -0.9405672047582069 -0.9405672047582069 1
13.28 -0.9409215341001254 -0.9409215341001254 1
13.29 -0.9412757300600074 -0.9412757300600074 1
13.3 -0.941629792788369 -0.941629792788369 1
13.31 -0.9419837224354428 -0.9419837224354428 1
13.32 -0.9423375191511797 -0.9423375191511797 1
13.33 -0.942691183085249 -0.942691183085249 1
13.34 -0.9430447143870396 -0.9430447143870396 1
13.35 -0.9433981132056604 -0.9433981132056604 1
13.36 -0.9437513796899407 -0.9437513796899407 1
13.37 -0.9441045139884319 -0.9441045139884319 1
13.38 -0.9444575162494077 -0.9444575162494077 1
13.39 -0.9448103866208641 -0.9448103866208641 1
13.4 -0.9451631252505217 -0.9451631252505217 1
13.41 -0.9455157322858251 -0.9455157322858251 1
13.42 -0.9458682078739441 -0.9458682078739441 1
13.43 -0.9462205521617745 -0.9462205521617745 1
13.44 -0.9465727652959386 -0.9465727652959386 1
13.45 -0.946924847422786 -0.946924847422786 1
13.46 -0.9472767986883947 -0.9472767986883947 1
13.47 -0.9476286192385708 -0.9476286192385708 1
13.48 -0.9479803092188502 -0.9479803092188502 1
13.49 -0.9483318687744988 -0.9483318687744988 1
13.5 -0.9486832980505138 -0.9486832980505138 1
13.51 -0.9490345971916233 -0.9490345971916233 1
13.52 -0.9493857663422879 -0.9493857663422879 1
13.53 -0.9497368056467013 -0.9497368056467013 1
13.54 -0.9500877152487903 -0.9500877152487903 1
13.55 -0.9504384952922168 -0.9504384952922168 1
13.56 -0.950789145920377 -0.950789145920377 1
13.57 -0.951139667276403 -0.951139667276403 1
13.58 -0.9514900595031633 -0.9514900595031633 1
13.59 -0.9518403227432635 -0.9518403227432635 1
13.6 -0.9521904571390467 -0.9521904571390467 1
13.61 -0.9525404628325944 -0.9525404628325944 1
13.62 -0.9528903399657277 -0.9528903399657277 1
13.63 -0.9532400886800065 -0.9532400886800065 1
13.64 -0.953589709116732 -0.953589709116732 1
13.65 -0.9539392014169457 -0.9539392014169457 1
13.66 -0.9542885657214314 -0.9542885657214314 1
13.67 -0.9546378021707151 -0.9546378021707151 1
13.68 -0.9549869109050657 -0.9549869109050657 1
13.69 -0.9553358920644962 -0.9553358920644962 1
13.7 -0.9556847457887634 -0.9556847457887634 1
13.71 -0.9560334722173696 -0.9560334722173696 1
13.72 -0.9563820714895626 -0.9563820714895626 1
13.73 -0.9567305437443363 -0.9567305437443363 1
13.74 -0.9570788891204319 -0.9570788891204319 1
13.75 -0.9574271077563381 -0.9574271077563381 1
13.76 -0.9577751997902918 -0.9577751997902918 1
13.77 -0.9581231653602786 -0.9581231653602786 1
13.78 -0.9584710046040342 -0.9584710046040342 1
13.79 -0.9588187176590439 -0.9588187176590439 1
13.8 -0.9591663046625439 -0.9591663046625439 1
13.81 -0.959513765751522 -0.959513765751522 1
13.82 -0.9598611010627179 -0.9598611010627179 1
13.83 -0.9602083107326244 -0.9602083107326244 1
13.84 -0.9605553948974866 -0.9605553948974866 1
13.85 -0.9609023536933049 -0.9609023536933049 1
13.86 -0.9612491872558332 -0.9612491872558332 1
13.87 -0.961595895720581 -0.961595895720581 1
13.88 -0.9619424792228137 -0.9619424792228137 1
13.89 -0.9622889378975528 -0.9622889378975528 1
13.9 -0.9626352718795768 -0.9626352718795768 1
13.91 -0.9629814813034223 -0.9629814813034223 1
13.92 -0.9633275663033837 -0.9633275663033837 1
13.93 -0.9636735270135144 -0.9636735270135144 1
13.94 -0.9640193635676274 -0.9640193635676274 1
13.95 -0.9643650760992954 -0.9643650760992954 1
13.96 -0.9647106647418524 -0.9647106647418524 1
13.97 -0.9650561296283928 -0.9650561296283928 1
13.98 -0.9654014708917736 -0.9654014708917736 1
13.99 -0.9657466886646139 -0.9657466886646139 1
14.0 -0.9660917830792959 -0.9660917830792959 1
14.01 -0.9664367542679655 -0.9664367542679655 1
14.02 -0.9667816023625329 -0.9667816023625329 1
14.03 -0.967126327494673 -0.967126327494673 1
14.04 -0.9674709297958259 -0.9674709297958259 1
14.05 -0.9678154093971983 -0.9678154093971983 1
14.06 -0.968159766429763 -0.968159766429763 1
14.07 -0.9685040010242602 -0.9685040010242602 1
14.08 -0.9688481133111974 -0.9688481133111974 1
14.09 -0.9691921034208508 -0.9691921034208508 1
14.1 -0.9695359714832658 -0.9695359714832658 1
14.11 -0.9698797176282564 -0.9698797176282564 1
14.12 -0.9702233419854076 -0.9702233419854076 1
14.13 -0.9705668446840743 -0.9705668446840743 1
14.14 -0.9709102258533827 -0.9709102258533827 1
14.15 -0.971253485622231 -0.971253485622231 1
14.16 -0.9715966241192896 -0.9715966241192896 1
14.17 -0.9719396414730015 -0.9719396414730015 1
14.18 -0.9722825378115835 -0.9722825378115835 1
14.19 -0.9726253132630263 -0.9726253132630263 1
14.2 -0.9729679679550949 -0.9729679679550949 1
14.21 -0.9733105020153299 -0.9733105020153299 1
14.22 -0.9736529155710468 -0.9736529155710468 1
14.23 -0.9739952087493381 -0.9739952087493381 1
14.24 -0.9743373816770725 -0.9743373816770725 1
14.25 -0.9746794344808963 -0.9746794344808963 1
14.26 -0.9750213672872337 -0.9750213672872337 1
14.27 -0.9753631802222869 -0.9753631802222869 1
14.28 -0.9757048734120375 -0.9757048734120375 1
14.29 -0.9760464469822462 -0.9760464469822462 1
14.3 -0.976387901058454 -0.976387901058454 1
14.31 -0.9767292357659824 -0.9767292357659824 1
14.32 -0.977070451229934 -0.977070451229934 1
14.33 -0.9774115475751928 -0.9774115475751928 1
14.34 -0.9777525249264253 -0.9777525249264253 1
14.35 -0.9780933834080806 -0.9780933834080806 1
14.36 -0.9784341231443909 -0.9784341231443909 1
14.37 -0.9787747442593724 -0.9787747442593724 1
14.38 -0.9791152468768254 -0.9791152468768254 1
14.39 -0.9794556311203348 -0.9794556311203348 1
14.4 -0.9797958971132713 -0.9797958971132713 1
14.41 -0.980136044978791 -0.980136044978791 1
14.42 -0.9804760748398369 -0.9804760748398369 1
14.43 -0.9808159868191383 -0.9808159868191383 1
14.44 -0.9811557810392123 -0.9811557810392123 1
14.45 -0.9814954576223638 -0.9814954576223638 1
14.46 -0.9818350166906862 -0.9818350166906862 1
14.47 -0.9821744583660618 -0.9821744583660618 1
14.48 -0.9825137827701622 -0.9825137827701622 1
14.49 -0.9828529900244491 -0.9828529900244491 1
14.5 -0.983192080250175 -0.983192080250175 1
14.51 -0.9835310535683829 -0.9835310535683829 1
14.52 -0.9838699100999074 -0.9838699100999074 1
14.53 -0.9842086499653753 -0.9842086499653753 1
14.54 -0.9845472732852055 -0.9845472732852055 1
14.55 -0.9848857801796105 -0.9848857801796105 1
14.56 -0.9852241707685956 -0.9852241707685956 1
14.57 -0.9855624451719603 -0.9855624451719603 1
14.58 -0.985900603509299 -0.985900603509299 1
14.59 -0.9862386459000005 -0.9862386459000005 1
14.6 -0.9865765724632495 -0.9865765724632495 1
14.61 -0.9869143833180262 -0.9869143833180262 1
14.62 -0.9872520785831077 -0.9872520785831077 1
14.63 -0.9875896583770678 -0.9875896583770678 1
14.64 -0.9879271228182775 -0.9879271228182775 1
14.65 -0.9882644720249062 -0.9882644720249062 1
14.66 -0.9886017061149214 -0.9886017061149214 1
14.67 -0.9889388252060893 -0.9889388252060893 1
14.68 -0.9892758294159757 -0.9892758294159757 1
14.69 -0.9896127188619462 -0.9896127188619462 1
14.7 -0.9899494936611665 -0.9899494936611665 1
14.71 -0.9902861539306034 -0.9902861539306034 1
14.72 -0.9906226997870246 -0.9906226997870246 1
14.73 -0.9909591313469996 -0.9909591313469996 1
14.74 -0.9912954487269003 -0.9912954487269003 1
14.75 -0.9916316520429012 -0.9916316520429012 1
14.76 -0.9919677414109795 -0.9919677414109795 1
14.77 -0.9923037169469168 -0.9923037169469168 1
14.78 -0.9926395787662978 -0.9926395787662978 1
14.79 -0.9929753269845126 -0.9929753269845126 1
14.8 -0.9933109617167559 -0.9933109617167559 1
14.81 -0.9936464830780277 -0.9936464830780277 1
14.82 -0.9939818911831342 -0.9939818911831342 1
14.83 -0.9943171861466876 -0.9943171861466876 1
14.84 -0.9946523680831074 -0.9946523680831074 1
14.85 -0.99498743710662 -0.99498743710662 1
14.86 -0.9953223933312595 -0.9953223933312595 1
14.87 -0.9956572368708688 -0.9956572368708688 1
14.88 -0.9959919678390986 -0.9959919678390986 1
14.89 -0.9963265863494093 -0.9963265863494093 1
14.9 -0.9966610925150703 -0.9966610925150703 1
14.91 -0.9969954864491615 -0.9969954864491615 1
14.92 -0.9973297682645729 -0.9973297682645729 1
14.93 -0.9976639380740056 -0.9976639380740056 1
14.94 -0.9979979959899719 -0.9979979959899719 1
14.95 -0.9983319421247958 -0.9983319421247958 1
14.96 -0.9986657765906136 -0.9986657765906136 1
14.97 -0.9989994994993742 -0.9989994994993742 1
14.98 -0.9993331109628394 -0.9993331109628394 1
14.99 -0.9996666110925848 -0.9996666110925848 1
15.0 -1.0 -1.0 1
15.01 -1.0003332777962886 -1.0003332777962886 1
15.02 -1.0006664445924691 -1.0006664445924691 1
15.03 -1.000999500499376 -1.000999500499376 1
15.04 -1.001332445627658 -1.001332445627658 1
15.05 -1.0016652800877812 -1.0016652800877812 1
15.06 -1.0019980039900278 -1.0019980039900278 1
15.07 -1.002330617444497 -1.002330617444497 1
15.08 -1.0026631205611052 -1.0026631205611052 1
15.09 -1.0029955134495867 -1.0029955134495867 1
15.1 -1.003327796219494 -1.003327796219494 1
15.11 -1.0036599689801986 -1.0036599689801986 1
15.12 -1.0039920318408906 -1.0039920318408906 1
15.13 -1.0043239849105798 -1.0043239849105798 1
15.14 -1.004655828298096 -1.004655828298096 1
15.15 -1.004987562112089 -1.004987562112089 1
15.16 -1.0053191864610298 -1.0053191864610298 1
15.17 -1.0056507014532101 -1.0056507014532101 1
15.18 -1.0059821071967432 -1.0059821071967432 1
15.19 -1.0063134037995651 -1.0063134037995651 1
15.2 -1.0066445913694333 -1.0066445913694333 1
15.21 -1.0069756700139285 -1.0069756700139285 1
15.22 -1.0073066398404544 -1.0073066398404544 1
15.23 -1.0076375009562384 -1.0076375009562384 1
15.24 -1.007968253468332 -1.007968253468332 1
15.25 -1.0082988974836116 -1.0082988974836116 1
15.26 -1.0086294331087773 -1.0086294331087773 1
15.27 -1.008959860450355 -1.008959860450355 1
15.28 -1.0092901796146967 -1.0092901796146967 1
15.29 -1.0096203907079795 -1.0096203907079795 1
15.3 -1.0099504938362078 -1.0099504938362078 1
15.31 -1.0102804891052122 -1.0102804891052122 1
15.32 -1.0106103766206507 -1.0106103766206507 1
15.33 -1.010940156488009 -1.010940156488009 1
15.34 -1.0112698288126007 -1.0112698288126007 1
15.35 -1.011599393699568 -1.011599393699568 1
15.36 -1.0119288512538813 -1.0119288512538813 1
15.37 -1.0122582015803412 -1.0122582015803412 1
15.38 -1.0125874447835768 -1.0125874447835768 1
15.39 -1.012916580968048 -1.012916580968048 1
15.4 -1.0132456102380443 -1.0132456102380443 1
15.41 -1.0135745326976864 -1.0135745326976864 1
15.42 -1.0139033484509261 -1.0139033484509261 1
15.43 -1.0142320576015464 -1.0142320576015464 1
15.44 -1.0145606602531627 -1.0145606602531627 1
15.45 -1.014889156509222 -1.014889156509222 1
15.46 -1.0152175464730044 -1.0152175464730044 1
15.47 -1.0155458302476228 -1.0155458302476228 1
15.48 -1.0158740079360236 -1.0158740079360236 1
15.49 -1.0162020796409867 -1.0162020796409867 1
15.5 -1.0165300454651272 -1.0165300454651272 1
15.51 -1.016857905510893 -1.016857905510893 1
15.52 -1.017185659880568 -1.017185659880568 1
15.53 -1.0175133086762715 -1.0175133086762715 1
15.54 -1.0178408519999578 -1.0178408519999578 1
15.55 -1.0181682899534177 -1.0181682899534177 1
15.56 -1.018495622638278 -1.018495622638278 1
15.57 -1.0188228501560024 -1.0188228501560024 1
15.58 -1.0191499726078919 -1.0191499726078919 1
15.59 -1.0194769900950846 -1.0194769900950846 1
15.6 -1.019803902718557 -1.019803902718557 1
15.61 -1.020130710579123 -1.020130710579123 1
15.62 -1.020457413777436 -1.020457413777436 1
15.63 -1.0207840124139878 -1.0207840124139878 1
15.64 -1.021110506589109 -1.021110506589109 1
15.65 -1.0214368964029708 -1.0214368964029708 1
15.66 -1.0217631819555841 -1.0217631819555841 1
15.67 -1.0220893633467998 -1.0220893633467998 1
15.68 -1.02241544067631 -1.02241544067631 1
15.69 -1.0227414140436477 -1.0227414140436477 1
15.7 -1.023067283548187 -1.023067283548187 1
15.71 -1.0233930492891445 -1.0233930492891445 1
15.72 -1.0237187113655781 -1.0237187113655781 1
15.73 -1.024044269876389 -1.024044269876389 1
15.74 -1.0243697249203205 -1.0243697249203205 1
15.75 -1.02469507659596 -1.02469507659596 1
15.76 -1.0250203250017371 -1.0250203250017371 1
15.77 -1.0253454702359266 -1.0253454702359266 1
15.78 -1.0256705123966467 -1.0256705123966467 1
15.79 -1.0259954515818608 -1.0259954515818608 1
15.8 -1.026320287889377 -1.026320287889377 1
15.81 -1.0266450214168479 -1.0266450214168479 1
15.82 -1.0269696522617728 -1.0269696522617728 1
15.83 -1.0272941805214966 -1.0272941805214966 1
15.84 -1.0276186062932102 -1.0276186062932102 1
15.85 -1.0279429296739517 -1.0279429296739517 1
15.86 -1.0282671507606052 -1.0282671507606052 1
15.87 -1.0285912696499033 -1.0285912696499033 1
15.88 -1.0289152864384252 -1.0289152864384252 1
15.89 -1.0292392012225988 -1.0292392012225988 1
15.9 -1.0295630140987 -1.0295630140987 1
15.91 -1.0298867251628534 -1.0298867251628534 1
15.92 -1.0302103345110325 -1.0302103345110325 1
15.93 -1.03053384223906 -1.03053384223906 1
15.94 -1.0308572484426088 -1.0308572484426088 1
15.95 -1.0311805532172014 -1.0311805532172014 1
15.96 -1.0315037566582101 -1.0315037566582101 1
15.97 -1.0318268588608588 -1.0318268588608588 1
15.98 -1.0321498599202217 -1.0321498599202217 1
15.99 -1.0324727599312244 -1.0324727599312244 1
16.0 -1.0327955589886446 -1.0327955589886446 1
16.01 -1.033118257187111 -1.033118257187111 1
16.02 -1.033440854621105 -1.033440854621105 1
16.03 -1.0337633513849611 -1.0337633513849611 1
16.04 -1.034085747572866 -1.034085747572866 1
16.05 -1.03440804327886 -1.03440804327886 1
16.06 -1.0347302385968367 -1.0347302385968367 1
16.07 -1.0350523336205437 -1.0350523336205437 1
16.08 -1.0353743284435828 -1.0353743284435828 1
16.09 -1.03569622315941 -1.03569622315941 1
16.1 -1.036018017861337 -1.036018017861337 1
16.11 -1.036339712642529 -1.036339712642529 1
16.12 -1.0366613075960087 -1.0366613075960087 1
16.13 -1.0369828028146528 -1.0369828028146528 1
16.14 -1.0373041983911953 -1.0373041983911953 1
16.15 -1.0376254944182253 -1.0376254944182253 1
16.16 -1.03794669098819 -1.03794669098819 1
16.17 -1.0382677881933928 -1.0382677881933928 1
16.18 -1.0385887861259944 -1.0385887861259944 1
16.19 -1.0389096848780135 -1.0389096848780135 1
16.2 -1.0392304845413265 -1.0392304845413265 1
16.21 -1.0395511852076678 -1.0395511852076678 1
16.22 -1.0398717869686307 -1.0398717869686307 1
16.23 -1.0401922899156675 -1.0401922899156675 1
16.24 -1.040512694140089 -1.040512694140089 1
16.25 -1.0408329997330663 -1.0408329997330663 1
16.26 -1.0411532067856297 -1.0411532067856297 1
16.27 -1.0414733153886693 -1.0414733153886693 1
16.28 -1.0417933256329364 -1.0417933256329364 1
16.29 -1.042113237609042 -1.042113237609042 1
16.3 -1.0424330514074593 -1.0424330514074593 1
16.31 -1.0427527671185213 -1.0427527671185213 1
16.32 -1.0430723848324237 -1.0430723848324237 1
16.33 -1.0433919046392235 -1.0433919046392235 1
16.34 -1.04371132662884 -1.04371132662884 1
16.35 -1.044030650891055 -1.044030650891055 1
16.36 -1.0443498775155127 -1.0443498775155127 1
16.37 -1.044669006591721 -1.044669006591721 1
16.38 -1.0449880382090506 -1.0449880382090506 1
16.39 -1.0453069724567357 -1.0453069724567357 1
16.4 -1.0456258094238746 -1.0456258094238746 1
16.41 -1.0459445491994306 -1.0459445491994306 1
16.42 -1.04626319187223 -1.04626319187223 1
16.43 -1.0465817375309647 -1.0465817375309647 1
16.44 -1.046900186264192 -1.046900186264192 1
16.45 -1.0472185381603338 -1.0472185381603338 1
16.46 -1.0475367933076782 -1.0475367933076782 1
16.47 -1.0478549517943787 -1.0478549517943787 1
16.48 -1.048173013708456 -1.048173013708456 1
16.49 -1.0484909791377954 -1.0484909791377954 1
16.5 -1.0488088481701516 -1.0488088481701516 1
16.51 -1.049126620893144 -1.049126620893144 1
16.52 -1.0494442973942606 -1.0494442973942606 1
16.53 -1.0497618777608568 -1.0497618777608568 1
16.54 -1.0500793620801556 -1.0500793620801556 1
16.55 -1.0503967504392486 -1.0503967504392486 1
16.56 -1.0507140429250958 -1.0507140429250958 1
16.57 -1.0510312396245256 -1.0510312396245256 1
16.58 -1.0513483406242354 -1.0513483406242354 1
16.59 -1.0516653460107925 -1.0516653460107925 1
16.6 -1.0519822558706333 -1.0519822558706333 1
16.61 -1.052299070290064 -1.052299070290064 1
16.62 -1.0526157893552615 -1.0526157893552615 1
16.63 -1.052932413152272 -1.052932413152272 1
16.64 -1.0532489417670134 -1.0532489417670134 1
16.65 -1.0535653752852738 -1.0535653752852738 1
16.66 -1.0538817137927134 -1.0538817137927134 1
16.67 -1.054197957374863 -1.054197957374863 1
16.68 -1.0545141061171255 -1.0545141061171255 1
16.69 -1.0548301601047758 -1.0548301601047758 1
16.7 -1.0551461194229608 -1.0551461194229608 1
16.71 -1.055461984156701 -1.055461984156701 1
16.72 -1.0557777543908882 -1.0557777543908882 1
16.73 -1.0560934302102885 -1.0560934302102885 1
16.74 -1.0564090116995404 -1.0564090116995404 1
16.75 -1.0567244989431572 -1.0567244989431572 1
16.76 -1.0570398920255248 -1.0570398920255248 1
16.77 -1.0573551910309043 -1.0573551910309043 1
16.78 -1.0576703960434304 -1.0576703960434304 1
16.79 -1.0579855071471127 -1.0579855071471127 1
16.8 -1.0583005244258363 -1.0583005244258363 1
16.81 -1.0586154479633607 -1.0586154479633607 1
16.82 -1.0589302778433212 -1.0589302778433212 1
16.83 -1.059245014149229 -1.059245014149229 1
16.84 -1.0595596569644707 -1.0595596569644707 1
16.85 -1.0598742063723097 -1.0598742063723097 1
16.86 -1.0601886624558856 -1.0601886624558856 1
16.87 -1.060503025298215 -1.060503025298215 1
16.88 -1.0608172949821912 -1.0608172949821912 1
16.89 -1.0611314715905849 -1.0611314715905849 1
16.9 -1.0614455552060438 -1.0614455552060438 1
16.91 -1.0617595459110944 -1.0617595459110944 1
16.92 -1.0620734437881403 -1.0620734437881403 1
16.93 -1.0623872489194637 -1.0623872489194637 1
16.94 -1.0627009613872256 -1.0627009613872256 1
16.95 -1.063014581273465 -1.063014581273465 1
16.96 -1.0633281086601005 -1.0633281086601005 1
16.97 -1.0636415436289302 -1.0636415436289302 1
16.98 -1.063954886261631 -1.063954886261631 1
16.99 -1.06426813663976 -1.06426813663976 1
17.0 -1.0645812948447542 -1.0645812948447542 1
17.01 -1.064894360957931 -1.064894360957931 1
17.02 -1.0652073350604878 -1.0652073350604878 1
17.03 -1.0655202172335039 -1.0655202172335039 1
17.04 -1.0658330075579383 -1.0658330075579383 1
17.05 -1.0661457061146318 -1.0661457061146318 1
17.06 -1.0664583129843066 -1.0664583129843066 1
17.07 -1.066770828247567 -1.066770828247567 1
17.08 -1.0670832519848985 -1.0670832519848985 1
17.09 -1.06739558427667 -1.06739558427667 1
17.1 -1.067707825203131 -1.067707825203131 1
17.11 -1.0680199748444157 -1.0680199748444157 1
17.12 -1.0683320332805404 -1.0683320332805404 1
17.13 -1.0686440005914037 -1.0686440005914037 1
17.14 -1.068955876856789 -1.068955876856789 1
17.15 -1.0692676621563628 -1.0692676621563628 1
17.16 -1.069579356569675 -1.069579356569675 1
17.17 -1.0698909601761606 -1.0698909601761606 1
17.18 -1.0702024730551378 -1.0702024730551378 1
17.19 -1.0705138952858109 -1.0705138952858109 1
17.2 -1.0708252269472673 -1.0708252269472673 1
17.21 -1.071136468118481 -1.071136468118481 1
17.22 -1.0714476188783097 -1.0714476188783097 1
17.23 -1.0717586793054987 -1.0717586793054987 1
17.24 -1.072069649478677 -1.072069649478677 1
17.25 -1.0723805294763609 -1.0723805294763609 1
17.26 -1.0726913193769525 -1.0726913193769525 1
17.27 -1.07300201925874 -1.07300201925874 1
17.28 -1.0733126291998993 -1.0733126291998993 1
17.29 -1.0736231492784918 -1.0736231492784918 1
17.3 -1.0739335795724676 -1.0739335795724676 1
17.31 -1.0742439201596627 -1.0742439201596627 1
17.32 -1.0745541711178022 -1.0745541711178022 1
17.33 -1.0748643325244975 -1.0748643325244975 1
17.34 -1.075174404457249 -1.075174404457249 1
17.35 -1.0754843869934452 -1.0754843869934452 1
17.36 -1.075794280210363 -1.075794280210363 1
17.37 -1.0761040841851683 -1.0761040841851683 1
17.38 -1.0764137989949156 -1.0764137989949156 1
17.39 -1.0767234247165487 -1.0767234247165487 1
17.4 -1.0770329614269007 -1.0770329614269007 1
17.41 -1.0773424092026949 -1.0773424092026949 1
17.42 -1.0776517681205433 -1.0776517681205433 1
17.43 -1.0779610382569491 -1.0779610382569491 1
17.44 -1.0782702196883056 -1.0782702196883056 1
17.45 -1.0785793124908958 -1.0785793124908958 1
17.46 -1.0788883167408942 -1.0788883167408942 1
17.47 -1.0791972325143662 -1.0791972325143662 1
17.48 -1.0795060598872679 -1.0795060598872679 1
17.49 -1.0798147989354472 -1.0798147989354472 1
17.5 -1.0801234497346432 -1.0801234497346432 1
17.51 -1.080432012360488 -1.080432012360488 1
17.52 -1.0807404868885038 -1.0807404868885038 1
17.53 -1.0810488733941064 -1.0810488733941064 1
17.54 -1.0813571719526038 -1.0813571719526038 1
17.55 -1.0816653826391969 -1.0816653826391969 1
17.56 -1.0819735055289785 -1.0819735055289785 1
17.57 -1.082281540696936 -1.082281540696936 1
17.58 -1.0825894882179485 -1.0825894882179485 1
17.59 -1.0828973481667903 -1.0828973481667903 1
17.6 -1.0832051206181281 -1.0832051206181281 1
17.61 -1.083512805646523 -1.083512805646523 1
17.62 -1.0838204033264307 -1.0838204033264307 1
17.63 -1.0841279137322004 -1.0841279137322004 1
17.64 -1.0844353369380768 -1.0844353369380768 1
17.65 -1.0847426730181986 -1.0847426730181986 1
17.66 -1.0850499220466003 -1.0850499220466003 1
17.67 -1.0853570840972109 -1.0853570840972109 1
17.68 -1.085664159243855 -1.085664159243855 1
17.69 -1.0859711475602534 -1.0859711475602534 1
17.7 -1.0862780491200217 -1.0862780491200217 1
17.71 -1.0865848639966724 -1.0865848639966724 1
17.72 -1.0868915922636135 -1.0868915922636135 1
17.73 -1.0871982339941506 -1.0871982339941506 1
17.74 -1.0875047892614849 -1.0875047892614849 1
17.75 -1.0878112581387147 -1.0878112581387147 1
17.76 -1.0881176406988355 -1.0881176406988355 1
17.77 -1.08842393701474 -1.08842393701474 1
17.78 -1.0887301471592186 -1.0887301471592186 1
17.79 -1.0890362712049584 -1.0890362712049584 1
17.8 -1.089342309224546 -1.089342309224546 1
17.81 -1.0896482612904648 -1.0896482612904648 1
17.82 -1.089954127475097 -1.089954127475097 1
17.83 -1.0902599078507227 -1.0902599078507227 1
17.84 -1.0905656024895218 -1.0905656024895218 1
17.85 -1.0908712114635715 -1.0908712114635715 1
17.86 -1.0911767348448493 -1.0911767348448493 1
17.87 -1.0914821727052317 -1.0914821727052317 1
17.88 -1.0917875251164944 -1.0917875251164944 1
17.89 -1.0920927921503132 -1.0920927921503132 1
17.9 -1.0923979738782628 -1.0923979738782628 1
17.91 -1.0927030703718188 -1.0927030703718188 1
17.92 -1.0930080817023573 -1.0930080817023573 1
17.93 -1.093313007941154 -1.093313007941154 1
17.94 -1.0936178491593853 -1.0936178491593853 1
17.95 -1.0939226054281292 -1.0939226054281292 1
17.96 -1.0942272768183645 -1.0942272768183645 1
17.97 -1.09453186340097 -1.09453186340097 1
17.98 -1.094836365246728 -1.094836365246728 1
17.99 -1.0951407824263204 -1.0951407824263204 1
18.0 -1.0954451150103321 -1.0954451150103321 1
18.01 -1.0957493630692499 -1.0957493630692499 1
18.02 -1.096053526673462 -1.096053526673462 1
18.03 -1.0963576058932598 -1.0963576058932598 1
18.04 -1.0966616007988363 -1.0966616007988363 1
18.05 -1.096965511460289 -1.096965511460289 1
18.06 -1.0972693379476162 -1.0972693379476162 1
18.07 -1.0975730803307209 -1.0975730803307209 1
18.08 -1.097876738679408 -1.097876738679408 1
18.09 -1.0981803130633876 -1.0981803130633876 1
18.1 -1.0984838035522722 -1.0984838035522722 1
18.11 -1.0987872102155782 -1.0987872102155782 1
18.12 -1.099090533122727 -1.099090533122727 1
18.13 -1.099393772343043 -1.099393772343043 1
18.14 -1.0996969279457562 -1.0996969279457562 1
18.15 -1.1 -1.1 1
18.16 -1.1003029885748137 -1.1003029885748137 1
18.17 -1.100605893739141 -1.100605893739141 1
18.18 -1.100908715561831 -1.100908715561831 1
18.19 -1.1012114541116373 -1.1012114541116373 1
18.2 -1.1015141094572203 -1.1015141094572203 1
18.21 -1.1018166816671455 -1.1018166816671455 1
18.22 -1.102119170809884 -1.102119170809884 1
18.23 -1.1024215769538135 -1.1024215769538135 1
18.24 -1.1027239001672176 -1.1027239001672176 1
18.25 -1.1030261405182864 -1.1030261405182864 1
18.26 -1.1033282980751167 -1.1033282980751167 1
18.27 -1.1036303729057118 -1.1036303729057118 1
18.28 -1.103932365077982 -1.103932365077982 1
18.29 -1.104234274659745 -1.104234274659745 1
18.3 -1.104536101718726 -1.104536101718726 1
18.31 -1.1048378463225572 -1.1048378463225572 1
18.32 -1.1051395085387787 -1.1051395085387787 1
18.33 -1.1054410884348382 -1.1054410884348382 1
18.34 -1.1057425860780918 -1.1057425860780918 1
18.35 -1.1060440015358037 -1.1060440015358037 1
18.36 -1.1063453348751464 -1.1063453348751464 1
18.37 -1.1066465861632009 -1.1066465861632009 1
18.38 -1.1069477554669567 -1.1069477554669567 1
18.39 -1.1072488428533127 -1.1072488428533127 1
18.4 -1.1075498483890767 -1.1075498483890767 1
18.41 -1.1078507721409656 -1.1078507721409656 1
18.42 -1.1081516141756054 -1.1081516141756054 1
18.43 -1.1084523745595327 -1.1084523745595327 1
18.44 -1.1087530533591932 -1.1087530533591932 1
18.45 -1.1090536506409416 -1.1090536506409416 1
18.46 -1.109354166471045 -1.109354166471045 1
18.47 -1.1096546009156782 -1.1096546009156782 1
18.48 -1.1099549540409286 -1.1099549540409286 1
18.49 -1.1102552259127927 -1.1102552259127927 1
18.5 -1.110555416597179 -1.110555416597179 1
18.51 -1.1108555261599053 -1.1108555261599053 1
18.52 -1.1111555546667022 -1.1111555546667022 1
18.53 -1.1114555021832109 -1.1114555021832109 1
18.54 -1.1117553687749835 -1.1117553687749835 1
18.55 -1.112055154507485 -1.112055154507485 1
18.56 -1.1123548594460912 -1.1123548594460912 1
18.57 -1.1126544836560899 -1.1126544836560899 1
18.58 -1.1129540272026814 -1.1129540272026814 1
18.59 -1.1132534901509779 -1.1132534901509779 1
18.6 -1.1135528725660044 -1.1135528725660044 1
18.61 -1.1138521745126984 -1.1138521745126984 1
18.62 -1.11415139605591 -1.11415139605591 1
18.63 -1.1144505372604026 -1.1144505372604026 1
18.64 -1.1147495981908522 -1.1147495981908522 1
18.65 -1.1150485789118487 -1.1150485789118487 1
18.66 -1.1153474794878948 -1.1153474794878948 1
18.67 -1.1156462999834071 -1.1156462999834071 1
18.68 -1.1159450404627163 -1.1159450404627163 1
18.69 -1.116243700990066 -1.116243700990066 1
18.7 -1.116542281629615 -1.116542281629615 1
18.71 -1.1168407824454358 -1.1168407824454358 1
18.72 -1.1171392035015153 -1.1171392035015153 1
18.73 -1.1174375448617548 -1.1174375448617548 1
18.74 -1.117735806589971 -1.117735806589971 1
18.75 -1.1180339887498947 -1.1180339887498947 1
18.76 -1.1183320914051724 -1.1183320914051724 1
18.77 -1.118630114619365 -1.118630114619365 1
18.78 -1.1189280584559493 -1.1189280584559493 1
18.79 -1.1192259229783172 -1.1192259229783172 1
18.8 -1.1195237082497775 -1.1195237082497775 1
18.81 -1.1198214143335534 -1.1198214143335534 1
18.82 -1.1201190412927846 -1.1201190412927846 1
18.83 -1.1204165891905267 -1.1204165891905267 1
18.84 -1.120714058089752 -1.120714058089752 1
18.85 -1.121011448053349 -1.121011448053349 1
18.86 -1.1213087591441233 -1.1213087591441233 1
18.87 -1.1216059914247962 -1.1216059914247962 1
18.88 -1.121903144958007 -1.121903144958007 1
18.89 -1.1222002198063115 -1.1222002198063115 1
18.9 -1.1224972160321824 -1.1224972160321824 1
18.91 -1.122794133698011 -1.122794133698011 1
18.92 -1.1230909728661047 -1.1230909728661047 1
18.93 -1.1233877335986895 -1.1233877335986895 1
18.94 -1.1236844159579087 -1.1236844159579087 1
18.95 -1.1239810200058244 -1.1239810200058244 1
18.96 -1.1242775458044156 -1.1242775458044156 1
18.97 -1.1245739934155807 -1.1245739934155807 1
18.98 -1.1248703629011358 -1.1248703629011358 1
18.99 -1.125166654322816 -1.125166654322816 1
19.0 -1.1254628677422756 -1.1254628677422756 1
19.01 -1.1257590032210862 -1.1257590032210862 1
19.02 -1.1260550608207398 -1.1260550608207398 1
19.03 -1.1263510406026473 -1.1263510406026473 1
19.04 -1.126646942628139 -1.126646942628139 1
19.05 -1.1269427669584644 -1.1269427669584644 1
19.06 -1.1272385136547927 -1.1272385136547927 1
19.07 -1.1275341827782133 -1.1275341827782133 1
19.08 -1.1278297743897348 -1.1278297743897348 1
19.09 -1.1281252885502864 -1.1281252885502864 1
19.1 -1.128420725320717 -1.128420725320717 1
19.11 -1.128716084761797 -1.128716084761797 1
19.12 -1.1290113669342159 -1.1290113669342159 1
19.13 -1.1293065718985846 -1.1293065718985846 1
19.14 -1.1296016997154352 -1.1296016997154352 1
19.15 -1.1298967504452195 -1.1298967504452195 1
19.16 -1.1301917241483115 -1.1301917241483115 1
19.17 -1.1304866208850062 -1.1304866208850062 1
19.18 -1.13078144071552 -1.13078144071552 1
19.19 -1.1310761836999899 -1.1310761836999899 1
19.2 -1.131370849898476 -1.131370849898476 1
19.21 -1.1316654393709595 -1.1316654393709595 1
19.22 -1.1319599521773431 -1.1319599521773431 1
19.23 -1.132254388377453 -1.132254388377453 1
19.24 -1.1325487480310357 -1.1325487480310357 1
19.25 -1.132843031197762 -1.132843031197762 1
19.26 -1.1331372379372235 -1.1331372379372235 1
19.27 -1.1334313683089359 -1.1334313683089359 1
19.28 -1.1337254223723368 -1.1337254223723368 1
19.29 -1.134019400186787 -1.134019400186787 1
19.3 -1.1343133018115703 -1.1343133018115703 1
19.31 -1.134607127305894 -1.134607127305894 1
19.32 -1.1349008767288886 -1.1349008767288886 1
19.33 -1.135194550139608 -1.135194550139608 1
19.34 -1.1354881475970295 -1.1354881475970295 1
19.35 -1.1357816691600546 -1.1357816691600546 1
19.36 -1.1360751148875088 -1.1360751148875088 1
19.37 -1.1363684848381415 -1.1363684848381415 1
19.38 -1.1366617790706257 -1.1366617790706257 1
19.39 -1.1369549976435598 -1.1369549976435598 1
19.4 -1.1372481406154653 -1.1372481406154653 1
19.41 -1.13754120804479 -1.13754120804479 1
19.42 -1.1378341999899046 -1.1378341999899046 1
19.43 -1.1381271165091065 -1.1381271165091065 1
19.44 -1.1384199576606167 -1.1384199576606167 1
19.45 -1.1387127235025816 -1.1387127235025816 1
19.46 -1.1390054140930734 -1.1390054140930734 1
19.47 -1.139298029490089 -1.139298029490089 1
19.48 -1.1395905697515518 -1.1395905697515518 1
19.49 -1.13988303493531 -1.13988303493531 1
19.5 -1.140175425099138 -1.140175425099138 1
19.51 -1.140467740300736 -1.140467740300736 1
19.52 -1.14075998059773 -1.14075998059773 1
19.53 -1.141052146047673 -1.141052146047673 1
19.54 -1.1413442367080435 -1.1413442367080435 1
19.55 -1.1416362526362471 -1.1416362526362471 1
19.56 -1.1419281938896158 -1.1419281938896158 1
19.57 -1.142220060525408 -1.142220060525408 1
19.58 -1.1425118526008091 -1.1425118526008091 1
19.59 -1.1428035701729324 -1.1428035701729324 1
19.6 -1.1430952132988166 -1.1430952132988166 1
19.61 -1.1433867820354289 -1.1433867820354289 1
19.62 -1.1436782764396638 -1.1436782764396638 1
19.63 -1.143969696568343 -1.143969696568343 1
19.64 -1.144261042478216 -1.144261042478216 1
19.65 -1.1445523142259597 -1.1445523142259597 1
19.66 -1.1448435118681795 -1.1448435118681795 1
19.67 -1.1451346354614087 -1.1451346354614087 1
19.68 -1.1454256850621083 -1.1454256850621083 1
19.69 -1.1457166607266678 -1.1457166607266678 1
19.7 -1.1460075625114057 -1.1460075625114057 1
19.71 -1.146298390472568 -1.146298390472568 1
19.72 -1.14658914466633 -1.14658914466633 1
19.73 -1.1468798251487962 -1.1468798251487962 1
19.74 -1.1471704319759988 -1.1471704319759988 1
19.75 -1.1474609652039005 -1.1474609652039005 1
19.76 -1.1477514248883915 -1.1477514248883915 1
19.77 -1.1480418110852932 -1.1480418110852932 1
19.78 -1.148332123850355 -1.148332123850355 1
19.79 -1.1486223632392558 -1.1486223632392558 1
19.8 -1.1489125293076057 -1.1489125293076057 1
19.81 -1.1492026221109428 -1.1492026221109428 1
19.82 -1.1494926417047364 -1.1494926417047364 1
19.83 -1.1497825881443846 -1.1497825881443846 1
19.84 -1.1500724614852174 -1.1500724614852174 1
19.85 -1.1503622617824931 -1.1503622617824931 1
19.86 -1.150651989091402 -1.150651989091402 1
19.87 -1.1509416434670643 -1.1509416434670643 1
19.88 -1.1512312249645305 -1.1512312249645305 1
19.89 -1.1515207336387827 -1.1515207336387827 1
19.9 -1.151810169544733 -1.151810169544733 1
19.91 -1.1520995327372254 -1.1520995327372254 1
19.92 -1.1523888232710346 -1.1523888232710346 1
19.93 -1.1526780412008664 -1.1526780412008664 1
19.94 -1.1529671865813584 -1.1529671865813584 1
19.95 -1.1532562594670794 -1.1532562594670794 1
19.96 -1.1535452599125302 -1.1535452599125302 1
19.97 -1.1538341879721423 -1.1538341879721423 1
19.98 -1.1541230437002807 -1.1541230437002807 1
19.99 -1.154411827151241 -1.154411827151241 1
20.0 -1.1547005383792517 -1.1547005383792517 1
